[0m                                      [38;2;255;255;255m@[38;2;255;255;242m@[38;2;255;255;216m%[0m
[0m                                   [38;2;255;255;255m@@[38;2;255;255;244m@[38;2;255;255;206m%[38;2;255;251;179m%[0m
[0m                     [38;2;255;255;243m%[38;2;242;237;202m#[0m       [38;2;255;255;255m%@@@@[38;2;255;255;252m@[38;2;255;255;197m@[38;2;255;255;181m%[38;2;255;255;228m%[38;2;255;255;250m@[38;2;255;255;228m%[38;2;255;254;213m%[0m
[0m                    [38;2;255;255;255m@[38;2;255;255;241m@[0m   [38;2;255;255;255m%@@@@@@@[38;2;255;255;231m@[38;2;255;255;176m%[38;2;255;255;151m%[38;2;255;255;215m%[38;2;255;255;253m@[38;2;255;255;215m@[38;2;255;255;163m%[0m
[0m                   [38;2;255;255;255m@@[38;2;255;255;175m%[0m [38;2;255;255;255m%@@@@[38;2;255;255;238m@[38;2;255;255;234m@[38;2;255;255;241m@[38;2;255;255;237m@[38;2;255;255;183m%[38;2;255;255;143m%[38;2;255;255;174m%[38;2;255;255;238m@[38;2;255;255;213m@[38;2;255;255;146m%[38;2;255;241;119m%[38;2;255;255;172m%[38;2;255;255;231m@[38;2;255;255;241m@[38;2;255;255;245m@[38;2;255;255;250m@[38;2;255;255;251m@[38;2;255;255;255m@@@@@[38;2;255;255;246m@[38;2;255;255;231m%[38;2;255;255;225m%[0m
[0m                 [38;2;255;255;250m%[38;2;255;255;255m@[38;2;255;255;245m@[38;2;255;255;236m@[38;2;255;255;143m%[38;2;255;244;180m%[38;2;255;255;255m@@[38;2;255;255;250m@[38;2;255;255;238m@[38;2;255;255;237m@[38;2;255;255;238m@[38;2;255;255;245m@[38;2;255;255;227m@[38;2;255;255;146m%[38;2;255;255;152m%[38;2;255;255;226m@[38;2;255;255;245m@[38;2;255;255;171m%[38;2;255;255;127m%[38;2;255;255;140m%[38;2;255;255;201m@[38;2;255;255;233m@[38;2;255;255;225m@[38;2;255;255;221m@[38;2;255;255;220m@@[38;2;255;255;222m@[38;2;255;255;225m@[38;2;255;255;227m@[38;2;255;255;220m@[38;2;255;255;200m@[38;2;255;255;184m%[38;2;255;255;172m%[0m
[0m                [38;2;255;255;252m%[38;2;255;255;255m@[38;2;255;255;242m@[38;2;255;255;238m@[38;2;255;255;236m@[38;2;255;255;142m%[38;2;255;255;155m%[38;2;255;255;255m@@[38;2;255;255;234m@[38;2;255;255;240m@[38;2;255;255;239m@[38;2;255;255;241m@[38;2;255;255;232m@[38;2;255;255;143m%[38;2;255;255;180m%[38;2;255;255;250m@[38;2;255;255;234m@[38;2;255;255;149m%[38;2;255;255;129m%[38;2;255;255;139m%%[38;2;255;255;147m%[38;2;255;255;185m%[38;2;255;255;247m@[38;2;255;255;255m@@@@@@[38;2;255;255;251m@[38;2;255;255;247m@[38;2;255;255;255m@@@[0m
[0m               [38;2;255;255;245m%[38;2;255;255;255m@[38;2;255;255;252m@[38;2;255;255;235m@[38;2;255;255;239m@[38;2;255;255;243m@[38;2;255;255;169m%[38;2;255;253;118m%[38;2;255;255;190m%[38;2;255;255;255m@[38;2;255;255;235m@[38;2;255;255;240m@[38;2;255;255;238m@[38;2;255;255;246m@[38;2;255;255;182m%[38;2;255;255;193m%[38;2;255;255;255m@[38;2;255;255;231m@[38;2;255;255;149m%[38;2;255;255;133m%[38;2;255;255;138m%[38;2;255;255;130m%[38;2;255;255;155m%[38;2;255;255;222m@[38;2;255;255;255m@@@@@[38;2;255;255;254m@[38;2;255;255;251m@[38;2;255;255;255m@@@@@@@@@@@@@@[38;2;255;255;253m@[38;2;255;255;252m%[38;2;255;255;255m%[0m
[0m           [38;2;255;255;248m%[0m   [38;2;255;255;255m@@[38;2;255;255;235m@[38;2;255;255;238m@[38;2;255;255;247m@[38;2;255;255;253m@[38;2;255;255;213m@[38;2;255;255;135m%[38;2;255;255;131m%[38;2;255;255;194m%[38;2;255;255;244m@[38;2;255;255;238m@[38;2;255;255;239m@[38;2;255;255;237m@[38;2;255;255;220m@[38;2;255;255;245m@[38;2;255;255;232m@[38;2;255;255;147m%[38;2;255;254;122m%[38;2;255;255;129m%[38;2;255;255;141m%[38;2;255;255;196m%[38;2;255;255;241m@[38;2;255;255;247m@[38;2;255;255;235m@@[38;2;255;255;236m@[38;2;255;255;235m@[38;2;255;255;236m@@@@[38;2;255;255;234m@@@@[38;2;255;255;237m@[38;2;255;255;240m@[38;2;255;255;246m@[38;2;255;255;255m@@@[38;2;255;255;253m@[38;2;255;255;228m@[38;2;255;255;231m@[38;2;255;255;227m%[0m
[0m           [38;2;255;255;255m%@[0m [38;2;255;255;248m%[38;2;255;255;255m@[38;2;255;255;251m@[38;2;255;255;237m@[38;2;255;255;235m@[38;2;255;255;255m@@[38;2;255;255;242m@[38;2;255;255;177m%[38;2;255;253;126m%[38;2;255;255;140m%[38;2;255;255;209m%[38;2;255;255;245m@[38;2;255;255;242m@[38;2;255;255;243m@[38;2;255;255;244m@[38;2;255;255;246m@[38;2;255;255;201m%[38;2;255;255;169m%[38;2;255;255;196m%[38;2;255;255;208m%[38;2;255;255;252m@[38;2;255;255;255m@[38;2;255;255;244m@[38;2;255;255;234m%%[38;2;255;255;231m%[38;2;255;255;229m%[38;2;255;255;239m@@[38;2;255;255;238m@[38;2;255;255;239m@[38;2;255;255;241m@[38;2;255;255;242m@[38;2;255;255;247m@[38;2;255;255;249m@[38;2;255;255;244m@[38;2;255;255;233m@[38;2;255;255;220m@[38;2;255;255;208m@[38;2;255;255;193m%[38;2;255;255;179m%[38;2;255;246;153m%[0m
[0m            [38;2;255;255;255m@[38;2;255;255;245m@[38;2;255;255;230m%[38;2;255;255;255m@@[38;2;255;255;237m@@[38;2;255;255;253m@[38;2;255;255;255m@[38;2;255;255;241m@[38;2;255;255;246m@[38;2;255;255;253m@[38;2;255;255;255m@@@@@@[38;2;255;255;253m@[38;2;255;255;247m@[38;2;255;255;255m@[38;2;255;255;253m@[38;2;255;255;245m@[38;2;255;255;215m%[38;2;255;255;180m%[38;2;255;255;203m%[38;2;255;255;230m@[38;2;255;255;238m@@[38;2;255;255;237m@@[38;2;255;255;240m@[38;2;255;255;246m@[38;2;255;255;242m@[38;2;255;255;236m@[38;2;255;255;229m@[38;2;255;255;206m@[38;2;255;255;184m%[38;2;255;255;175m%[38;2;255;255;188m%[38;2;255;255;217m%[38;2;255;255;233m%[38;2;255;255;245m%[38;2;255;255;255m@@@%[0m
[0m            [38;2;255;255;255m@[38;2;255;255;244m@[38;2;255;255;241m@[38;2;255;255;240m@[38;2;255;255;255m@@[38;2;255;255;233m@[38;2;255;255;241m@[38;2;255;255;255m@@@@@[38;2;255;255;251m@[38;2;255;255;246m@@[38;2;255;255;244m@[38;2;255;255;241m@@[38;2;255;255;234m@[38;2;255;255;220m@[38;2;255;255;208m%[38;2;255;255;207m%[38;2;255;255;219m%[38;2;255;255;242m@[38;2;255;255;255m@@@[38;2;255;255;250m@[38;2;255;255;252m@[38;2;255;255;250m@[38;2;255;255;239m%[38;2;255;255;212m%[38;2;255;252;163m%[38;2;255;255;145m%[38;2;255;255;143m%[38;2;255;255;165m%[38;2;255;255;200m%[38;2;255;255;229m@[38;2;255;255;250m@[38;2;255;255;255m@@[38;2;255;255;246m@[38;2;255;255;239m@[38;2;255;255;237m@[0m
[0m            [38;2;255;255;255m%@[38;2;255;255;233m@[38;2;255;255;232m@[38;2;255;255;239m%[38;2;255;255;255m@@[38;2;255;255;231m@[38;2;255;255;255m@@[38;2;255;255;239m@[38;2;255;255;234m@[38;2;255;255;214m@[38;2;255;255;175m%[38;2;255;255;168m%[38;2;255;255;180m%[38;2;255;255;202m@[38;2;255;255;221m@[38;2;255;255;213m@[38;2;255;255;210m@[38;2;255;255;220m@[38;2;255;255;226m@[38;2;255;255;225m@[38;2;255;255;211m@[38;2;255;255;202m@[38;2;255;255;191m%[38;2;255;255;193m%[38;2;255;255;208m%[38;2;255;255;224m%[38;2;255;255;203m%[38;2;255;255;165m%[38;2;255;255;138m%[38;2;255;253;120m%[38;2;255;255;144m%[38;2;255;255;149m%[38;2;255;255;171m%[38;2;255;255;201m%[38;2;255;255;200m%[38;2;255;255;191m%[38;2;255;255;185m%[38;2;255;255;191m%[38;2;255;255;214m%[0m
[0m            [38;2;254;250;244m%[38;2;255;255;255m@[38;2;255;255;250m@[38;2;255;255;235m@[38;2;255;255;217m%[38;2;255;255;216m%[38;2;255;255;251m@[38;2;255;255;255m@@@@[38;2;255;255;196m%[38;2;255;233;129m%[38;2;255;243;142m%[38;2;255;248;156m%[38;2;255;254;162m%[38;2;255;231;150m%[38;2;255;225;173m#[38;2;255;217;176m#[38;2;255;229;193m%[38;2;255;236;187m%[38;2;255;227;161m#[38;2;255;219;145m#[38;2;255;240;161m%[38;2;255;255;178m%[38;2;255;255;203m%[38;2;255;255;212m%[38;2;255;255;205m%[38;2;255;255;187m%[38;2;255;251;143m%[38;2;255;255;128m%[38;2;255;255;157m%[38;2;255;255;221m@[38;2;255;255;255m@@@@[38;2;255;255;253m@@[38;2;255;255;249m@[38;2;255;255;253m@[38;2;255;255;255m%%[0m
[0m             [38;2;255;255;253m%[38;2;255;255;255m@@@[38;2;255;255;234m@[38;2;255;255;202m%[38;2;255;255;195m%[38;2;255;255;242m%[38;2;255;255;230m%[38;2;255;255;242m%[38;2;255;236;202m%[38;2;255;232;200m%[38;2;255;255;235m%%[38;2;255;217;194m#[38;2;255;190;167m#[38;2;255;213;186m#[38;2;255;189;162m#[38;2;255;183;148m#[38;2;255;182;154m#[38;2;255;181;157m#[38;2;255;181;160m#[38;2;255;225;192m#[38;2;255;255;216m%[38;2;255;203;173m#[38;2;242;165;145m*[38;2;255;207;141m#[38;2;255;255;127m%[38;2;255;255;147m%[38;2;255;255;186m%[38;2;255;255;205m@[38;2;255;255;203m@[38;2;255;255;194m%[38;2;255;255;195m@[38;2;255;255;202m@[38;2;255;255;207m@[38;2;255;255;204m@[38;2;255;255;225m@[38;2;255;255;235m%[0m
[0m                [38;2;255;255;255m%@@[38;2;255;255;249m@[38;2;255;255;228m%[38;2;255;255;227m%[38;2;255;255;228m%[38;2;255;255;227m%[38;2;255;255;233m%[38;2;255;255;237m%[38;2;255;249;218m%[38;2;255;235;204m%[38;2;255;255;231m%[38;2;255;252;216m%[38;2;255;239;190m%[38;2;255;228;147m#[38;2;255;189;138m#[38;2;255;187;160m#[38;2;255;187;155m#[38;2;255;229;194m%[38;2;255;216;188m#[38;2;221;135;114m*[38;2;241;153;133m*[38;2;255;184;162m#[38;2;255;246;137m%[38;2;255;255;146m%[38;2;255;255;137m%[38;2;255;253;124m%[38;2;255;255;121m%[38;2;255;255;122m%[38;2;255;254;124m%[38;2;255;250;122m%[38;2;255;243;119m%[0m
[0m                   [38;2;254;241;228m%[38;2;255;255;218m%[38;2;255;255;224m%[38;2;255;255;231m%[38;2;255;255;227m%[38;2;255;255;235m%[38;2;255;245;213m%[38;2;255;255;230m%[38;2;255;255;239m%[38;2;232;255;224m%[38;2;246;255;241m%[38;2;255;255;255m@[38;2;251;187;167m#[38;2;255;171;142m*[38;2;255;189;159m#[38;2;255;186;157m#[38;2;255;191;160m#[38;2;255;190;162m#[38;2;232;152;130m*[38;2;255;178;149m#[38;2;255;225;141m#[38;2;255;255;136m%[38;2;255;255;138m%[38;2;255;255;156m%[38;2;255;255;168m%[38;2;255;255;173m%[38;2;255;255;183m%[38;2;255;247;194m%[0m
[0m                     [38;2;255;244;217m%[38;2;255;255;253m%[38;2;241;253;228m%[38;2;255;228;201m%[38;2;255;216;186m#[38;2;255;231;196m%[38;2;255;236;210m%[38;2;255;255;234m%[38;2;255;252;225m%[38;2;255;214;188m#[38;2;255;184;155m#[38;2;255;177;150m#[38;2;255;180;152m#[38;2;255;191;159m#[38;2;255;184;158m#[38;2;255;186;161m#[38;2;255;185;158m#[38;2;255;181;145m#[38;2;255;231;144m#[38;2;255;255;133m%[38;2;255;255;141m%[38;2;255;255;174m%[38;2;255;255;205m%[38;2;255;255;233m%[0m
[0m                      [38;2;255;249;218m%[38;2;255;255;245m@[38;2;255;238;207m%[38;2;255;238;208m%[38;2;255;215;187m#[38;2;255;255;229m%[38;2;255;255;239m@[38;2;255;255;240m@[38;2;255;209;178m#[38;2;255;185;155m#[38;2;255;170;144m*[38;2;255;183;155m#[38;2;255;198;167m#[38;2;249;174;149m*[38;2;255;169;142m*[38;2;255;191;159m#[38;2;255;186;157m#[38;2;255;196;169m#[38;2;255;210;175m#[0m
[0m                       [38;2;255;245;216m%[38;2;255;255;239m%[38;2;255;255;228m%[38;2;255;232;203m%[38;2;255;244;214m%[38;2;255;203;179m#[38;2;255;244;216m%[38;2;255;219;188m#[38;2;255;187;156m#[38;2;255;187;157m#[38;2;255;177;149m#[38;2;227;154;131m*[38;2;255;178;151m#[38;2;255;194;163m#[38;2;255;189;159m#[38;2;255;184;156m#[38;2;255;183;153m#[38;2;255;198;169m#[38;2;240;178;156m*[38;2;255;188;163m#[38;2;255;217;187m#[38;2;255;230;199m%[0m
[0m                         [38;2;255;252;222m%[38;2;255;255;241m%[38;2;255;239;209m%[38;2;255;222;193m#[38;2;255;230;205m%[38;2;255;214;188m#[38;2;255;171;143m*[38;2;253;160;135m*[38;2;226;155;133m*[38;2;255;170;145m*[38;2;255;175;147m*[38;2;255;187;158m#[38;2;255;189;159m#[38;2;255;185;156m#[38;2;255;186;157m#[38;2;255;188;158m#[38;2;255;188;159m#[38;2;255;168;142m*[38;2;255;166;140m*[38;2;255;175;148m#[38;2;255;188;158m#[38;2;255;202;173m#[38;2;255;217;189m#[0m  [38;2;255;247;217m%[38;2;255;248;218m%[38;2;255;246;219m%[0m
[0m                          [38;2;255;199;172m#[38;2;255;216;190m#[38;2;255;213;184m#[38;2;255;183;157m#[38;2;255;172;145m*[38;2;255;189;162m#[38;2;255;227;198m#[38;2;255;224;194m%[38;2;244;159;135m*[38;2;252;161;136m*[38;2;255;194;164m#[38;2;255;188;159m#[38;2;255;192;162m#[38;2;255;182;153m#[38;2;255;177;148m#[38;2;255;191;158m#[38;2;255;189;159m#[38;2;255;174;147m*[38;2;233;165;142m*[38;2;255;210;182m#[38;2;255;251;218m%[38;2;255;255;235m%[38;2;255;255;238m%[38;2;255;255;246m@[38;2;255;255;253m@[38;2;255;255;252m@@[38;2;255;255;249m@[38;2;255;255;240m@[38;2;255;255;227m%[38;2;255;252;223m%[38;2;255;253;223m%[38;2;255;251;221m%[38;2;255;255;229m%[38;2;255;255;232m%[0m
[0m                       [38;2;255;255;232m%[38;2;255;245;214m%[38;2;255;231;200m%[38;2;255;250;220m%[38;2;255;246;216m%[38;2;255;247;217m%[38;2;255;215;185m#[38;2;255;230;199m%[38;2;255;255;225m%[38;2;255;220;188m#[38;2;227;136;115m*[38;2;199;116;98m+[38;2;255;175;146m#[38;2;255;185;155m#[38;2;255;182;151m#[38;2;255;182;153m#[38;2;255;181;150m#[38;2;229;141;118m*[38;2;230;148;126m*[38;2;255;188;161m#[38;2;255;244;214m%[38;2;255;255;233m%%[38;2;255;255;232m%[38;2;255;255;225m%[38;2;255;239;208m%[38;2;255;221;191m#[38;2;255;200;174m#[38;2;255;213;184m#[38;2;255;233;202m%[38;2;255;244;212m%[38;2;255;255;225m%[38;2;255;255;234m%[38;2;255;255;235m%[38;2;255;255;230m%[38;2;255;253;223m%[38;2;255;238;208m%[38;2;255;253;220m%[38;2;255;255;247m@[38;2;255;255;232m%[38;2;255;235;209m%[0m
[0m              [38;2;255;248;221m%[38;2;255;255;228m%[38;2;255;255;230m%[38;2;255;255;228m%[38;2;255;250;220m%[38;2;255;235;205m%[38;2;255;208;179m#[38;2;255;225;195m#[38;2;255;211;183m#[38;2;255;181;154m#[38;2;225;149;127m*[38;2;255;207;182m#[38;2;255;221;192m#[38;2;255;247;217m%[38;2;255;247;218m%[38;2;255;239;210m%[38;2;255;230;199m%[38;2;255;214;183m#[38;2;250;180;154m*[38;2;232;174;151m*[38;2;253;195;170m#[38;2;255;223;194m#[38;2;255;234;204m%[38;2;255;233;203m%[38;2;255;232;202m%%[38;2;255;239;210m%[38;2;255;248;218m%[38;2;255;255;230m%[38;2;255;255;232m%[38;2;255;255;235m%[38;2;255;255;239m%[38;2;255;255;238m%[38;2;255;255;235m%[38;2;255;255;232m%[38;2;255;177;160m#[38;2;255;180;160m#[38;2;255;213;182m#[38;2;255;177;148m#[38;2;255;181;152m#[38;2;255;193;161m#[38;2;255;203;173m#[38;2;255;229;198m%[38;2;255;255;228m%[38;2;255;255;241m@[38;2;255;255;229m%[38;2;255;205;177m#[38;2;255;208;178m#[38;2;255;255;240m@[38;2;255;255;247m@[38;2;255;240;211m%[0m
[0m           [38;2;255;254;224m%[38;2;255;255;224m%[38;2;255;255;236m%[38;2;255;255;251m@[38;2;255;255;248m@[38;2;255;255;239m@[38;2;255;255;231m%[38;2;255;255;225m%[38;2;255;246;214m%[38;2;255;243;213m%[38;2;255;249;218m%[38;2;255;226;197m#[38;2;255;221;195m#[38;2;255;243;212m%[38;2;255;233;203m%[38;2;255;199;171m#[38;2;255;234;203m%[38;2;255;255;227m%[38;2;255;255;231m%%[38;2;255;255;235m%[38;2;255;255;234m%[38;2;255;255;231m%[38;2;255;255;224m%[38;2;255;246;214m%[38;2;255;249;217m%[38;2;255;255;228m%[38;2;255;255;230m%[38;2;255;255;225m%[38;2;255;249;218m%[38;2;255;247;217m%[38;2;255;255;229m%[38;2;255;255;226m%[38;2;255;229;198m%[38;2;255;222;191m#[38;2;255;243;211m%[38;2;255;253;221m%[38;2;255;255;230m%[38;2;255;227;203m%[38;2;255;246;219m%[38;2;255;255;244m@[38;2;255;246;215m%[38;2;255;196;167m#[38;2;255;174;145m#[38;2;255;184;155m#[38;2;255;186;156m#[38;2;255;192;162m#[38;2;255;233;202m%[38;2;255;255;239m@[38;2;255;255;234m%[38;2;255;182;154m#[38;2;255;205;175m#[38;2;255;255;236m%[38;2;255;255;252m@[38;2;255;241;214m%[0m
[0m         [38;2;255;254;222m%[38;2;255;253;221m%[38;2;255;255;235m%[38;2;255;255;244m@[38;2;255;255;228m%[38;2;255;221;189m#[38;2;255;204;173m#[38;2;255;215;185m#[38;2;255;232;202m%[38;2;255;252;221m%[38;2;255;255;235m%%[38;2;255;255;236m%[38;2;255;255;244m@[38;2;255;255;241m@[38;2;255;253;222m%[38;2;255;255;226m%[38;2;255;255;237m%[38;2;255;255;238m%[38;2;255;255;235m%[38;2;255;255;230m%[38;2;255;255;226m%[38;2;255;252;223m%[38;2;255;249;220m%[38;2;255;254;224m%[38;2;255;255;227m%[38;2;255;255;228m%[38;2;255;255;227m%[38;2;255;255;228m%[38;2;255;255;229m%[38;2;255;252;222m%[38;2;255;243;213m%[38;2;255;228;199m%[38;2;255;221;191m#[38;2;255;235;204m%[38;2;255;250;219m%[38;2;255;219;192m#[38;2;255;178;149m#[38;2;255;189;159m#[38;2;255;197;168m#[38;2;255;226;195m%[38;2;255;238;210m%[38;2;255;255;240m@[38;2;255;255;241m@[38;2;255;255;231m%[38;2;255;191;162m#[38;2;251;158;133m*[38;2;255;180;151m#[38;2;255;192;161m#[38;2;255;181;151m#[38;2;255;218;186m#[38;2;255;255;228m%[38;2;255;198;168m#[38;2;255;177;148m#[38;2;255;228;197m%[38;2;255;245;215m%[38;2;255;222;193m#[0m
[0m       [38;2;255;246;218m%[38;2;255;255;227m%[38;2;255;234;204m%[38;2;255;252;223m%[38;2;255;255;235m%[38;2;255;236;206m%[38;2;255;210;180m#[38;2;255;226;196m%[38;2;255;251;220m%[38;2;255;255;232m%[38;2;255;255;237m%[38;2;255;255;236m%[38;2;255;255;231m%[38;2;255;255;227m%[38;2;255;255;229m%[38;2;255;243;213m%[38;2;255;252;222m%[38;2;255;255;233m%%[38;2;255;255;231m%%[38;2;255;255;232m%%[38;2;255;255;226m%[38;2;255;251;222m%[38;2;255;253;223m%[38;2;255;255;232m%[38;2;255;255;234m%[38;2;255;255;235m%[38;2;255;255;234m%[38;2;255;255;230m%[38;2;255;255;224m%[38;2;255;250;219m%[38;2;255;246;215m%[38;2;255;240;209m%[38;2;255;227;197m%[38;2;255;218;189m#[38;2;255;212;183m#[38;2;255;234;203m%[38;2;255;210;183m#[38;2;255;166;140m*[38;2;255;190;160m#[38;2;255;187;157m#[38;2;255;197;167m#[38;2;255;226;196m%[38;2;255;255;227m%[38;2;255;251;219m%[38;2;255;195;164m#[38;2;255;184;156m#[38;2;229;146;123m*[38;2;255;176;148m#[38;2;255;194;162m#[38;2;255;184;154m#[38;2;255;200;170m#[38;2;255;177;150m#[38;2;255;169;143m*[38;2;255;195;163m#[38;2;255;184;155m#[38;2;255;202;173m#[0m
[0m      [38;2;255;239;214m%[38;2;255;255;244m@[38;2;255;238;207m%[38;2;255;255;229m%[38;2;255;255;225m%[38;2;255;229;199m%[38;2;255;234;204m%[38;2;255;255;232m%[38;2;255;255;241m@[38;2;255;255;237m%[38;2;255;255;235m%[38;2;255;255;233m%[38;2;255;255;231m%[38;2;255;255;225m%[38;2;255;247;215m%[38;2;255;203;174m#[38;2;255;210;184m#[38;2;255;255;233m%[38;2;255;255;228m%[38;2;255;255;230m%[38;2;255;255;231m%[38;2;255;255;232m%[38;2;255;255;233m%[38;2;255;255;234m%[38;2;255;255;232m%[38;2;255;255;231m%[38;2;255;255;232m%[38;2;255;255;233m%%%[38;2;255;255;230m%[38;2;255;255;222m%[38;2;255;250;218m%[38;2;255;250;219m%[38;2;255;242;210m%[38;2;255;192;163m#[38;2;255;182;153m#[38;2;255;188;159m#[38;2;255;191;162m#[38;2;255;175;147m*[38;2;255;172;147m*[38;2;234;150;127m*[38;2;235;149;124m*[38;2;255;180;152m#[38;2;255;188;157m#[38;2;255;186;156m#[38;2;255;197;166m#[38;2;255;189;160m#[38;2;255;181;153m#[38;2;255;190;161m#[38;2;255;179;150m#[38;2;208;134;114m*[38;2;255;185;157m#[38;2;255;195;163m#[38;2;255;181;152m#[38;2;214;137;117m*[38;2;255;180;151m#[38;2;255;186;156m#[38;2;255;176;149m*[38;2;237;196;172m#[0m
[0m      [38;2;255;249;221m%[38;2;255;246;217m%[38;2;255;255;238m%[38;2;255;255;227m%[38;2;255;219;190m#[38;2;255;255;228m%[38;2;255;255;235m%[38;2;255;255;234m%[38;2;255;255;232m%[38;2;255;255;227m%[38;2;255;255;230m%[38;2;255;255;234m%[38;2;255;255;241m@[38;2;255;255;234m%[38;2;255;200;170m#[38;2;255;194;166m#[38;2;255;255;239m%[38;2;255;255;240m%[38;2;255;255;239m@[38;2;255;255;240m%[38;2;255;255;238m%[38;2;255;255;237m%%%[38;2;255;255;239m%[38;2;255;255;238m%[38;2;255;255;240m%[38;2;255;255;239m@[38;2;255;255;240m%[38;2;255;255;238m%[38;2;255;255;239m@[38;2;255;255;242m@[38;2;255;255;239m%[38;2;255;250;218m%[38;2;255;206;175m#[38;2;255;185;156m#[38;2;255;187;158m#[38;2;255;187;157m#[38;2;255;190;158m#[38;2;255;194;163m#[38;2;241;150;127m*[38;2;202;128;110m+[38;2;231;144;121m*[38;2;232;145;122m*[38;2;241;155;131m*[38;2;252;163;138m*[38;2;255;165;138m*[38;2;255;171;145m*[38;2;255;177;150m#[38;2;255;185;154m#[38;2;255;169;143m*[38;2;196;123;105m+[38;2;234;155;132m*[38;2;255;166;140m*[38;2;203;129;111m+[38;2;221;141;119m*[38;2;255;163;136m*[38;2;237;156;133m*[38;2;255;207;178m#[38;2;255;210;184m#[0m
[0m      [38;2;255;248;221m%[38;2;255;214;186m#[38;2;255;229;198m%[38;2;255;228;199m%[38;2;255;255;232m%[38;2;255;255;231m%[38;2;255;239;206m%[38;2;255;222;190m#[38;2;255;204;175m#[38;2;255;200;171m#[38;2;255;203;174m#[38;2;255;213;183m#[38;2;255;232;201m%[38;2;255;218;187m#[38;2;255;176;148m#[38;2;255;206;175m#[38;2;255;255;225m%[38;2;255;242;209m%[38;2;255;226;195m%[38;2;255;214;184m#[38;2;255;203;174m#[38;2;255;202;173m#[38;2;255;207;177m#[38;2;255;209;178m#[38;2;255;212;181m#[38;2;255;216;184m#[38;2;255;221;189m#[38;2;255;221;192m#[38;2;255;221;191m#[38;2;255;219;187m#[38;2;255;228;199m%[38;2;255;227;196m%[38;2;255;202;172m#[38;2;255;183;153m#[38;2;255;182;153m#[38;2;255;189;159m#[38;2;255;192;162m#[38;2;255;194;163m#[38;2;255;184;154m#[38;2;232;149;126m*[38;2;188;126;109m+[38;2;188;126;110m+[38;2;255;212;182m#[38;2;255;255;223m%[38;2;255;249;219m%[38;2;255;244;214m%[38;2;255;242;213m%[38;2;255;199;171m#[38;2;255;172;145m*[38;2;255;172;146m*[38;2;247;159;133m*[38;2;215;137;118m*[38;2;200;126;108m+[38;2;205;127;108m+[38;2;204;128;109m+[38;2;220;138;116m*[38;2;255;168;142m*[38;2;255;216;186m#[38;2;255;255;238m%[38;2;255;255;222m%[38;2;255;211;184m#[0m
[0m       [38;2;255;224;194m#[38;2;255;170;143m*[38;2;255;220;192m#[38;2;255;224;193m%[38;2;255;183;157m#[38;2;255;183;153m#[38;2;255;185;155m#[38;2;255;187;157m#[38;2;255;192;160m#[38;2;255;191;159m#[38;2;255;185;155m#[38;2;255;182;152m#[38;2;255;179;150m#[38;2;219;146;125m*[38;2;254;166;141m*[38;2;255;185;156m#[38;2;255;182;152m#[38;2;255;184;154m#[38;2;255;185;155m#[38;2;255;187;157m#[38;2;255;188;158m#[38;2;255;190;158m#[38;2;255;191;159m#[38;2;255;190;158m#[38;2;255;189;157m#[38;2;255;188;156m#[38;2;255;183;153m#[38;2;255;182;153m#[38;2;255;183;154m##[38;2;255;187;157m#[38;2;255;191;159m#[38;2;255;195;164m#[38;2;255;193;163m#[38;2;255;185;157m#[38;2;255;173;146m*[38;2;234;153;132m*[38;2;192;126;109m+[38;2;181;120;105m+[38;2;193;127;110m+[38;2;195;127;108m+[38;2;255;242;213m%[38;2;255;255;230m%[38;2;255;255;229m%[38;2;255;255;244m@[38;2;255;243;211m%[38;2;255;191;159m#[38;2;255;192;160m#[38;2;255;194;163m#[38;2;255;181;152m#[38;2;219;136;115m*[38;2;203;128;110m+[38;2;212;131;111m+[38;2;215;131;111m+[38;2;209;131;111m+[38;2;254;163;138m*[38;2;255;224;191m%[38;2;255;255;233m%[38;2;255;255;230m%[38;2;255;242;210m%[0m
[0m      [38;2;255;255;235m%[38;2;255;242;210m%[38;2;255;202;175m#[38;2;255;194;167m#[38;2;255;172;144m#[38;2;255;187;157m#[38;2;255;193;163m#[38;2;255;185;156m#[38;2;255;175;147m*[38;2;252;159;134m*[38;2;245;153;129m*[38;2;245;157;133m*[38;2;245;164;140m*[38;2;241;164;140m*[38;2;231;154;132m*[38;2;240;163;140m*[38;2;243;164;139m*[38;2;244;160;137m*[38;2;240;156;132m*[38;2;241;153;130m*[38;2;242;151;127m*[38;2;244;151;128m*[38;2;248;154;130m*[38;2;251;157;132m*[38;2;255;164;137m*[38;2;255;170;144m*[38;2;255;174;146m*[38;2;255;177;150m#[38;2;255;178;149m#[38;2;255;177;150m#[38;2;255;178;150m#[38;2;255;172;146m*[38;2;250;163;138m*[38;2;234;152;130m*[38;2;225;145;125m*[38;2;223;143;123m*[38;2;232;150;128m*[38;2;245;161;136m*[38;2;237;157;135m*[38;2;220;147;127m*[38;2;201;136;118m*[38;2;185;116;100m+[38;2;237;190;167m#[38;2;255;255;240m%[38;2;255;255;230m%[38;2;255;255;237m%[38;2;255;203;173m#[38;2;255;183;153m#[38;2;255;187;158m#[38;2;255;191;161m#[38;2;236;148;125m*[38;2;207;125;106m+[38;2;211;132;111m+[38;2;203;129;110m+[38;2;215;131;111m+[38;2;210;128;107m+[38;2;203;127;108m+[38;2;255;174;146m*[38;2;255;236;205m%[38;2;255;255;235m%[38;2;255;255;227m%[38;2;255;218;190m#[0m
[0m     [38;2;255;244;216m%[38;2;255;255;236m%[38;2;255;201;173m#[38;2;255;255;231m%[38;2;255;255;224m%[38;2;255;221;191m#[38;2;255;179;152m#[38;2;255;161;136m*[38;2;249;161;137m*[38;2;227;147;125m*[38;2;245;178;154m*[38;2;255;218;188m#[38;2;255;228;197m%[38;2;255;240;209m%[38;2;255;217;187m#[38;2;255;174;147m#[38;2;255;220;189m#[38;2;255;239;206m%[38;2;255;233;202m%[38;2;255;227;198m%[38;2;255;228;198m%[38;2;255;232;201m%[38;2;255;228;198m%[38;2;255;214;186m#[38;2;255;201;173m#[38;2;255;177;152m*[38;2;243;155;132m*[38;2;224;147;127m*[38;2;217;142;121m*[38;2;219;143;122m*[38;2;216;139;118m*[38;2;213;131;111m+[38;2;215;132;113m*[38;2;227;142;121m*[38;2;246;158;134m*[38;2;255;175;147m*[38;2;255;188;158m#[38;2;255;193;162m#[38;2;255;194;163m#[38;2;255;193;162m#[38;2;255;191;161m#[38;2;255;184;156m#[38;2;251;166;142m*[38;2;217;149;128m*[38;2;255;246;217m%[38;2;255;255;237m%%[38;2;255;236;204m%[38;2;255;183;153m#[38;2;255;189;159m#[38;2;255;193;161m#[38;2;253;160;135m*[38;2;207;126;107m+[38;2;216;131;111m*[38;2;205;129;110m+[38;2;206;128;109m+[38;2;230;143;120m*[38;2;216;134;114m*[38;2;232;148;125m*[38;2;255;209;177m#[38;2;255;255;235m%[38;2;255;255;238m%[38;2;255;240;208m%[0m
[0m     [38;2;255;255;238m%[38;2;255;207;179m#[38;2;255;237;209m%[38;2;255;255;240m@[38;2;255;255;235m%[38;2;255;255;240m%[38;2;255;237;208m%[38;2;255;227;197m%[38;2;255;179;150m#[38;2;255;222;192m%[38;2;255;255;225m%[38;2;255;229;199m%[38;2;255;225;195m%[38;2;255;228;198m%[38;2;255;206;177m#[38;2;245;163;138m*[38;2;255;215;185m#[38;2;255;225;195m%[38;2;255;226;196m%[38;2;255;224;194m#[38;2;255;216;187m#[38;2;255;212;182m#[38;2;255;240;209m%[38;2;255;255;241m@[38;2;255;255;250m@[38;2;255;255;238m%[38;2;255;224;192m%[38;2;255;186;156m##[38;2;255;192;163m#[38;2;255;213;183m#[38;2;255;228;197m%[38;2;255;222;191m%[38;2;255;207;175m#[38;2;255;193;162m#[38;2;255;187;156m#[38;2;255;182;153m#[38;2;255;184;157m#[38;2;255;189;159m#[38;2;255;188;158m#[38;2;255;189;159m##[38;2;255;188;158m#[38;2;255;170;143m*[38;2;255;198;171m#[38;2;255;255;243m@[38;2;255;255;232m%[38;2;255;255;239m%[38;2;255;213;182m#[38;2;255;184;154m#[38;2;255;192;161m#[38;2;255;186;156m#[38;2;220;136;114m*[38;2;211;129;108m+[38;2;214;132;112m*[38;2;198;125;107m+[38;2;255;176;149m#[38;2;255;185;154m#[38;2;229;145;123m*[38;2;255;189;160m#[38;2;255;253;222m%[38;2;255;255;243m@[38;2;255;234;201m%[38;2;255;176;152m*[0m
[0m    [38;2;255;243;215m%[38;2;255;255;223m%[38;2;255;196;168m#[38;2;255;255;233m%[38;2;255;255;231m%[38;2;255;255;234m%[38;2;255;255;228m%[38;2;255;255;234m%[38;2;255;240;207m%[38;2;255;184;154m#[38;2;255;188;159m#[38;2;255;211;186m#[38;2;255;255;228m%[38;2;255;255;242m@[38;2;255;255;253m@[38;2;255;226;195m%[38;2;255;220;188m#[38;2;255;255;251m@[38;2;255;255;242m@[38;2;255;255;239m%[38;2;255;255;234m%[38;2;255;255;232m%[38;2;255;247;217m%[38;2;255;194;164m#[38;2;255;194;165m#[38;2;255;224;195m#[38;2;255;255;226m%[38;2;255;255;247m@[38;2;255;248;215m%[38;2;255;200;169m#[38;2;255;189;159m#[38;2;255;191;161m#[38;2;255;207;177m#[38;2;255;243;211m%[38;2;255;255;228m%[38;2;255;255;226m%[38;2;255;239;206m%[38;2;255;182;159m#[38;2;255;182;155m#[38;2;255;191;160m#[38;2;255;190;160m#[38;2;255;184;154m#[38;2;255;190;160m#[38;2;255;202;172m#[38;2;255;223;193m#[38;2;255;211;186m#[38;2;255;236;210m%[38;2;255;255;237m%[38;2;255;255;227m%%[38;2;255;194;165m#[38;2;255;181;153m#[38;2;255;194;163m#[38;2;255;175;147m#[38;2;208;129;108m+[38;2;209;127;108m+[38;2;206;131;112m+[38;2;255;178;149m#[38;2;255;192;160m#[38;2;255;178;149m#[38;2;255;181;152m#[38;2;255;253;221m%[38;2;255;255;240m%[38;2;255;211;177m#[38;2;255;176;150m#[0m
[0m    [38;2;255;252;223m%[38;2;255;228;198m%[38;2;255;219;190m#[38;2;255;255;232m%[38;2;255;255;226m%[38;2;255;255;233m%[38;2;255;255;236m%[38;2;255;224;195m#[38;2;255;196;167m#[38;2;255;187;159m#[38;2;222;133;112m*[38;2;255;218;191m#[38;2;255;248;217m%[38;2;255;214;183m#[38;2;255;209;179m#[38;2;255;170;144m*[38;2;242;158;134m*[38;2;255;193;164m#[38;2;255;190;161m#[38;2;255;192;163m#[38;2;255;199;170m#[38;2;255;223;193m#[38;2;255;229;200m%[38;2;255;200;169m#[38;2;255;181;151m#[38;2;212;130;111m+[38;2;207;137;117m*[38;2;245;182;158m#[38;2;255;222;193m#[38;2;255;226;197m#[38;2;255;193;165m#[38;2;255;176;149m#[38;2;255;182;152m#[38;2;255;184;154m#[38;2;255;194;164m#[38;2;255;211;181m#[38;2;255;233;200m%[38;2;255;214;185m#[38;2;255;197;165m#[38;2;255;186;157m#[38;2;255;182;152m#[38;2;255;215;183m#[38;2;255;255;241m@[38;2;255;255;240m@[38;2;255;245;217m%[0m  [38;2;255;247;219m%[38;2;255;255;237m%[38;2;255;255;232m%[38;2;255;250;220m%[38;2;255;192;161m#[38;2;255;182;153m#[38;2;255;190;160m#[38;2;255;169;143m*[38;2;223;142;121m*[38;2;208;125;106m+[38;2;255;190;162m#[38;2;255;203;172m#[38;2;255;187;157m#[38;2;255;188;158m#[38;2;255;211;181m#[38;2;255;203;174m#[38;2;255;193;163m#[0m
[0m    [38;2;255;255;236m%[38;2;255;221;189m#[38;2;255;237;206m%[38;2;255;255;238m%[38;2;255;255;233m%[38;2;255;255;232m%[38;2;255;255;240m%[38;2;255;202;172m#[38;2;255;182;154m#[38;2;255;232;203m%[38;2;255;203;173m#[38;2;255;169;143m*[38;2;249;161;137m*[38;2;255;198;170m#[38;2;255;206;179m#[38;2;255;214;186m#[38;2;245;163;138m*[38;2;255;178;151m#[38;2;255;208;180m#[38;2;255;198;170m#[38;2;255;182;157m#[38;2;252;164;139m*[38;2;247;151;126m*[38;2;238;147;125m*[38;2;210;134;114m*[38;2;202;128;110m+[38;2;210;130;110m+[38;2;248;154;130m*[38;2;255;168;140m*[38;2;255;175;147m*[38;2;255;177;149m#[38;2;255;179;150m#[38;2;255;189;159m#[38;2;255;190;160m#[38;2;255;191;160m#[38;2;255;158;133m*[38;2;248;152;128m*[38;2;255;185;156m#[38;2;255;193;163m#[38;2;255;198;165m#[38;2;255;220;187m#[38;2;255;255;232m%%[0m     [38;2;255;255;231m%[38;2;255;255;245m@[38;2;255;255;249m@[38;2;255;255;231m%[38;2;255;214;184m#[38;2;255;190;160m#[38;2;255;187;158m#[38;2;255;185;156m#[38;2;255;176;149m#[38;2;255;247;217m%[38;2;255;250;218m%[38;2;255;183;154m#[38;2;255;195;163m#[38;2;255;162;135m*[38;2;217;129;109m+[38;2;246;181;155m*[0m
[0m    [38;2;255;252;221m%[38;2;255;227;196m%[38;2;255;237;209m%[38;2;255;255;246m@[38;2;255;255;236m%[38;2;255;255;238m%[38;2;255;246;216m%[38;2;255;188;160m#[38;2;255;172;145m*[38;2;255;199;172m#[38;2;255;241;206m%[38;2;245;153;129m*[38;2;255;213;188m#[38;2;255;255;247m@[38;2;255;255;240m%[38;2;255;255;224m%[38;2;255;182;156m#[38;2;255;251;220m%[38;2;255;255;248m@[38;2;255;255;246m@[38;2;255;255;243m@[38;2;255;255;240m%[38;2;255;237;207m%[38;2;255;177;149m#[38;2;210;135;116m*[38;2;199;125;108m+[38;2;248;162;139m*[38;2;255;189;160m#[38;2;255;192;162m#[38;2;255;191;162m#[38;2;255;187;160m#[38;2;255;188;160m#[38;2;255;187;158m#[38;2;255;187;159m#[38;2;255;186;158m#[38;2;255;187;158m#[38;2;226;139;118m*[38;2;232;145;120m*[38;2;255;204;168m#[38;2;255;228;200m%[38;2;248;244;230m%[0m         [38;2;255;255;229m%[38;2;255;255;233m%[38;2;255;255;231m%[38;2;255;250;219m%[38;2;255;214;184m#[38;2;255;204;173m#[38;2;255;255;223m%[38;2;255;255;242m@[38;2;255;246;214m%[38;2;255;186;157m#[38;2;255;187;157m#[38;2;255;208;177m#[38;2;230;158;137m*[38;2;250;155;130m*[38;2;255;197;169m#[0m
[0m    [38;2;255;188;161m#[38;2;255;198;167m#[38;2;255;189;160m#[38;2;255;239;208m%[38;2;255;253;220m%[38;2;255;231;198m%[38;2;255;189;160m#[38;2;255;186;150m#[38;2;255;176;142m#[38;2;189;132;121m+[38;2;236;175;163m*[38;2;255;181;154m#[38;2;255;182;151m#[38;2;255;217;187m#[38;2;255;220;185m#[38;2;255;197;165m#[38;2;255;184;154m#[38;2;255;199;167m#[38;2;255;213;178m#[38;2;255;229;200m%[38;2;255;239;217m%[38;2;255;250;218m%[38;2;255;235;197m%[38;2;255;179;148m#[38;2;216;133;111m*[38;2;211;124;100m+[38;2;255;164;132m*[38;2;255;196;158m#[38;2;255;186;154m#[38;2;255;189;153m#[38;2;255;190;154m#[38;2;255;190;155m#[38;2;255;190;156m#[38;2;255;192;156m#[38;2;255;187;153m#[38;2;255;191;156m#[38;2;255;179;153m#[38;2;214;174;171m*[38;2;161;185;220m*[38;2;156;182;220m*[0m             [38;2;255;243;213m%[38;2;255;231;200m%[38;2;255;255;235m%[38;2;255;255;237m%[38;2;255;255;235m%[38;2;255;206;176m#[38;2;255;186;156m#[38;2;255;182;152m#[38;2;255;220;189m#[38;2;255;255;243m@[38;2;255;220;190m#[38;2;255;191;160m#[38;2;255;196;167m#[0m
[0m     [38;2;255;203;173m#[38;2;255;233;202m%[38;2;255;197;168m#[38;2;255;173;145m*[38;2;255;169;141m*[38;2;255;181;151m#[38;2;226;182;182m*[38;2;120;159;209m*[38;2;77;157;226m+[38;2;129;146;183m+[38;2;164;155;175m*[38;2;155;163;189m*[38;2;121;159;204m*[38;2;140;164;200m*[38;2;130;162;204m*[38;2;167;151;169m*[38;2;216;150;136m*[38;2;184;157;161m*[38;2;146;137;159m+[38;2;113;150;195m+[38;2;105;164;222m*[38;2;164;154;181m*[38;2;144;139;172m+[38;2;114;139;185m+[38;2;168;129;135m+[38;2;183;142;151m*[38;2;148;174;212m*[38;2;117;175;224m*[38;2;172;174;196m*[38;2;198;165;175m*[38;2;162;147;176m*[38;2;152;140;177m+[38;2;192;154;169m*[38;2;186;155;171m*[38;2;157;146;177m*[38;2;126;141;188m+[38;2;100;141;205m+[38;2;106;139;205m+[38;2;122;143;193m+[38;2;133;149;195m*[38;2;136;155;206m*[38;2;137;158;205m*[38;2;198;205;225m#[0m        [38;2;255;255;230m%[38;2;255;252;221m%[38;2;255;255;234m%%[38;2;255;255;237m%[38;2;255;237;206m%[38;2;255;183;152m#[38;2;255;190;160m#[38;2;255;188;158m#[38;2;255;184;155m#[38;2;255;244;213m%[38;2;255;255;237m%[38;2;255;194;165m#[38;2;255;191;160m#[38;2;255;189;160m#[0m
[0m   [38;2;255;201;177m#[38;2;255;243;213m%[38;2;255;255;237m%[38;2;255;255;242m@[38;2;255;255;233m%[38;2;255;188;160m#[38;2;211;127;104m+[38;2;158;133;141m+[38;2;140;145;163m+[38;2;215;156;123m*[38;2;255;142;96m*[38;2;255;147;89m*[38;2;110;141;190m+[38;2;80;150;220m+[38;2;75;173;242m*[38;2;83;151;203m+[38;2;109;114;137m+[38;2;91;102;115m+[38;2;78;103;119m+[38;2;78;111;130m+[38;2;93;95;100m=[38;2;105;101;105m+[38;2;167;150;143m*[38;2;99;166;218m*[38;2;79;152;226m+[38;2;94;151;215m+[38;2;87;160;226m*[38;2;91;140;203m+[38;2;97;128;185m+[38;2;93;148;211m+[38;2;58;173;252m*[38;2;63;170;246m*[38;2;80;159;228m+[38;2;86;150;219m+[38;2;88;133;201m+[38;2;91;121;189m+[38;2;88;137;204m+[38;2;87;152;218m+[38;2;93;157;219m+[38;2;85;162;229m*[38;2;84;155;226m+[38;2;93;135;205m+[38;2;116;149;210m+[38;2;160;151;181m*[38;2;197;138;144m*[38;2;231;141;134m*[38;2;255;129;109m*[0m     [38;2;255;252;226m%[38;2;255;251;217m%[38;2;255;238;207m%[38;2;255;255;240m%[38;2;255;255;232m%[38;2;255;255;230m%[38;2;255;199;170m#[38;2;255;178;151m#[38;2;255;186;157m#[38;2;255;193;162m#[38;2;255;171;144m*[38;2;255;171;146m*[38;2;255;254;221m%[38;2;255;198;167m#[38;2;255;186;156m#[38;2;255;191;161m#[38;2;255;187;161m#[0m
[0m  [38;2;255;238;209m%[38;2;255;254;223m%[38;2;255;255;237m%[38;2;255;255;233m%[38;2;255;255;231m%[38;2;255;255;233m%[38;2;255;236;204m%[38;2;237;148;126m*[38;2;221;147;123m*[38;2;255;149;70m*[38;2;255;164;58m*[38;2;255;179;44m#[38;2;195;164;150m*[38;2;70;160;242m+[38;2;100;163;223m*[38;2;118;116;131m+[38;2;113;101;103m+[38;2;88;142;181m+[38;2;90;125;149m+[38;2;87;154;204m+[38;2;88;133;165m+[38;2;97;127;150m+[38;2;70;104;128m+[38;2;199;150;112m*[38;2;255;176;75m#[38;2;83;172;239m*[38;2;81;156;230m+[38;2;76;167;242m*[38;2;71;176;253m*[38;2;77;155;229m+[38;2;157;114;140m+[38;2;211;121;127m+[38;2;127;162;210m*[38;2;86;168;235m*[38;2;80;168;235m*[38;2;80;177;247m*[38;2;101;147;209m+[38;2;108;130;190m+[38;2;101;141;205m+[38;2;92;145;205m+[38;2;128;137;178m+[38;2;122;148;197m+[38;2;103;156;209m*[38;2;137;172;220m*[38;2;188;184;213m*[38;2;224;157;160m*[38;2;240;134;123m*[38;2;255;131;114m*[38;2;255;171;151m*[0m    [38;2;255;255;245m@[38;2;255;222;191m#[38;2;255;240;208m%[38;2;255;255;239m%[38;2;255;255;233m%[38;2;255;253;222m%[38;2;255;189;159m#[38;2;255;180;153m#[38;2;255;183;155m#[38;2;255;188;158m#[38;2;220;136;114m*[38;2;217;140;119m*[38;2;255;199;170m#[38;2;255;190;159m#[38;2;255;190;160m#[38;2;255;186;156m#[38;2;255;180;155m#[0m
[0m [38;2;255;254;226m%[38;2;255;245;211m%[38;2;255;238;207m%[38;2;255;255;238m%[38;2;255;255;234m%[38;2;255;255;229m%[38;2;255;255;226m%[38;2;255;244;212m%[38;2;255;185;159m#[38;2;255;187;145m#[38;2;255;156;110m*[38;2;255;173;87m#[38;2;255;154;51m*[38;2;152;148;175m*[38;2;78;158;228m+[38;2;101;157;212m*[38;2;240;99;81m+[38;2;115;86;78m=[38;2;84;95;95m=[38;2;111;105;113m+[38;2;162;89;85m+[38;2;134;107;117m+[38;2;83;179;250m*[38;2;76;147;203m+[38;2;156;130;109m+[38;2;255;132;61m*[38;2;196;155;123m*[38;2;165;155;165m*[38;2;218;144;134m*[38;2;206;154;148m*[38;2;172;162;167m*[38;2;89;153;219m+[38;2;233;100;97m+[38;2;255;95;66m+[38;2;155;121;144m+[38;2;195;108;115m+[38;2;139;146;183m+[38;2;80;168;237m*[38;2;84;143;213m+[38;2;98;126;189m+[38;2;142;117;147m+[38;2;189;116;124m+[38;2;255;102;74m+[38;2;255;103;86m+[38;2;239;96;81m+[38;2;255;101;84m+[38;2;255;106;89m+[38;2;255;113;87m*[38;2;255;105;82m+[0m     [38;2;255;255;239m%[38;2;255;255;235m%[38;2;255;255;228m%[38;2;255;255;235m%%[38;2;255;255;230m%[38;2;255;190;162m#[38;2;255;179;152m#[38;2;255;191;161m#[38;2;255;167;141m*[38;2;206;125;105m+[38;2;208;137;117m*[38;2;255;185;156m#[38;2;255;190;159m#[38;2;255;190;160m#[38;2;255;186;156m#[38;2;247;177;152m*[0m
[0m [38;2;255;255;232m%[38;2;255;222;190m%[38;2;255;227;198m%[38;2;255;255;241m@[38;2;255;255;233m%[38;2;255;255;232m%[38;2;255;255;236m%[38;2;255;217;187m#[38;2;255;186;156m#[38;2;255;185;155m#[38;2;255;181;149m#[38;2;255;185;141m#[38;2;255;115;73m*[38;2;245;107;94m+[38;2;239;120;92m+[38;2;201;118;128m+[38;2;101;135;165m+[38;2;93;97;97m=[38;2;83;91;89m=[38;2;202;91;76m+[38;2;248;91;72m+[38;2;255;90;67m+[38;2;214;115;126m+[38;2;77;175;251m*[38;2;93;167;225m*[38;2;95;145;189m+[38;2;134;129;122m+[38;2;255;159;59m*[38;2;255;132;61m*[38;2;255;148;56m*[38;2;255;180;48m#[38;2;255;173;102m*[38;2;176;119;128m+[38;2;214;85;71m+[38;2;255;98;73m+[38;2;255;100;70m+[38;2;255;94;68m+[38;2;245;115;108m+[38;2;202;124;136m+[38;2;125;126;175m+[38;2;164;117;146m+[38;2;247;98;77m+[38;2;222;107;93m+[38;2;249;166;155m*[38;2;221;136;122m*[0m         [38;2;255;242;214m%[38;2;255;255;251m@[38;2;255;255;234m%%[38;2;255;255;233m%[38;2;255;255;239m%[38;2;255;231;200m%[38;2;255;181;151m#[38;2;255;194;163m#[38;2;240;151;127m*[38;2;203;124;105m+[38;2;213;142;123m*[38;2;255;191;161m#[38;2;255;188;158m##[38;2;255;181;152m#[38;2;234;178;157m*[0m
[0m [38;2;255;250;223m%[38;2;255;232;199m%[38;2;255;204;175m#[38;2;255;255;240m%[38;2;255;255;233m%[38;2;255;255;237m%[38;2;255;254;221m%[38;2;255;209;180m#[38;2;255;188;159m#[38;2;255;187;157m#[38;2;255;187;161m#[38;2;255;181;151m#[38;2;255;146;78m*[38;2;255;140;70m*[38;2;255;176;50m#[38;2;223;139;122m*[38;2;74;166;237m*[38;2;88;111;122m+[38;2;130;92;83m+[38;2;255;103;80m+[38;2;255;98;80m+[38;2;255;118;73m*[38;2;255;140;57m*[38;2;239;128;110m*[38;2;83;165;236m*[38;2;84;178;248m*[38;2;79;152;211m+[38;2;106;110;109m+[38;2;171;93;83m+[38;2;255;103;78m+[38;2;255;120;74m+[38;2;255;151;61m*[38;2;255;147;67m*[38;2;218;87;78m+[38;2;255;94;74m+[38;2;255;103;79m+[38;2;250;95;77m+[38;2;255;99;67m+[38;2;255;98;65m+[38;2;255;101;73m+[38;2;183;107;114m+[38;2;255;102;81m+[38;2;255;98;73m+[38;2;232;91;75m+[38;2;221;139;125m*[0m          [38;2;255;243;215m%[38;2;255;255;243m@[38;2;255;255;237m%[38;2;255;255;233m%%[38;2;255;255;238m%[38;2;255;221;190m#[38;2;255;189;159m#[38;2;240;150;127m*[38;2;194;122;104m+[38;2;233;155;134m*[38;2;255;193;162m#[38;2;255;188;158m#[38;2;255;184;153m#[38;2;247;171;147m*[0m
[0m [38;2;255;255;228m%[38;2;255;255;222m%[38;2;255;180;151m#[38;2;255;249;217m%[38;2;255;255;236m%[38;2;255;255;230m%[38;2;255;251;217m%[38;2;255;239;202m%[38;2;255;187;154m#[38;2;255;187;157m#[38;2;255;184;160m#[38;2;255;176;87m#[38;2;255;158;61m*[38;2;255;169;64m#[38;2;255;176;72m#[38;2;97;172;225m*[38;2;88;152;205m+[38;2;76;88;86m=[38;2;220;100;83m+[38;2;255;97;77m+[38;2;255;92;78m+[38;2;255;131;69m*[38;2;255;189;65m#[38;2;255;168;52m#[38;2;252;129;102m*[38;2;88;163;229m*[38;2;87;175;240m*[38;2;90;129;161m+[38;2;78;85;81m=[38;2;175;96;86m+[38;2;255;97;76m+[38;2;255;94;76m+[38;2;223;101;78m+[38;2;247;99;78m+[38;2;255;94;74m+[38;2;255;102;74m+[38;2;255;100;75m+[38;2;255;102;75m+[38;2;255;102;77m+[38;2;255;101;74m+[38;2;255;97;70m+[38;2;237;95;77m+[38;2;255;104;76m+[38;2;255;102;74m+[38;2;235;82;64m+[38;2;205;118;107m+[0m          [38;2;255;255;215m%[38;2;255;255;237m%%[38;2;255;255;232m%[38;2;255;255;237m%[38;2;255;246;213m%[38;2;255;188;155m#[38;2;252;155;129m*[38;2;190;120;102m+[38;2;255;169;143m*[38;2;255;193;162m#[38;2;255;192;161m#[38;2;255;178;149m#[38;2;252;197;171m#[0m
[0m [38;2;227;212;196m#[38;2;255;255;227m%[38;2;255;178;148m#[38;2;255;206;178m#[38;2;255;255;232m%[38;2;255;255;237m@[38;2;255;255;244m%[38;2;232;200;198m#[38;2;208;161;155m*[38;2;255;189;166m#[38;2;255;178;120m#[38;2;255;175;55m#[38;2;255;169;69m*[38;2;255;175;52m#[38;2;188;165;147m*[38;2;70;169;248m*[38;2;98;112;123m+[38;2;79;85;81m=[38;2;246;100;79m+[38;2;222;89;74m+[38;2;250;91;76m+[38;2;255;125;70m*[38;2;255;178;62m#[38;2;255;179;66m#[38;2;255;171;53m#[38;2;252;125;100m*[38;2;85;162;233m*[38;2;86;178;249m*[38;2;96;138;172m+[38;2;76;87;82m=[38;2;119;95;88m+[38;2;255;106;85m+[38;2;255;95;73m+[38;2;255;97;71m+[38;2;255;102;75m+[38;2;255;102;77m+[38;2;255;101;76m+[38;2;255;102;75m+[38;2;255;101;74m++[38;2;255;102;75m+[38;2;243;95;77m+[38;2;255;100;75m+[38;2;255;103;78m+[38;2;255;102;81m+[38;2;193;72;62m=[38;2;213;132;125m*[0m          [38;2;234;230;227m#[38;2;255;255;238m%[38;2;255;255;234m%[38;2;255;255;242m%[38;2;255;225;205m#[38;2;251;180;168m#[38;2;209;157;148m*[38;2;178;125;116m+[38;2;255;176;150m#[38;2;255;195;163m#[38;2;255;165;139m*[38;2;204;149;129m*[38;2;127;131;127m+[0m
[38;2;87;149;199m+[38;2;110;172;221m*[38;2;152;185;213m*[38;2;146;159;182m*[38;2;119;150;184m+[38;2;148;171;188m*[38;2;174;196;208m*[38;2;118;159;189m*[38;2;76;103;122m+[38;2;107;101;98m+[38;2;150;122;114m+[38;2;255;167;74m*[38;2;255;178;61m#[38;2;255;176;63m#[38;2;255;173;62m#[38;2;110;170;218m*[38;2;84;148;198m+[38;2;95;87;79m=[38;2;85;103;104m+[38;2;243;135;120m*[38;2;203;80;67m+[38;2;229;89;77m+[38;2;255;116;73m*[38;2;255;176;63m#[38;2;255;174;63m#[38;2;255;181;66m#[38;2;255;161;54m*[38;2;242;137;109m*[38;2;80;171;236m*[38;2;89;177;248m*[38;2;95;144;185m+[38;2;81;89;87m=[38;2;122;90;80m=[38;2;237;101;83m+[38;2;255;110;92m+[38;2;255;101;74m+[38;2;255;96;62m+[38;2;255;96;68m+[38;2;255;94;74m+[38;2;255;103;77m++[38;2;255;101;76m+[38;2;255;94;71m+[38;2;255;98;69m++[38;2;255;97;65m+[38;2;247;89;67m+[38;2;182;66;56m=[38;2;229;148;139m*[0m        [38;2;94;159;208m*[38;2;100;178;240m*[38;2;107;170;218m*[38;2;113;165;206m*[38;2;115;167;205m*[38;2;101;158;204m*[38;2;89;156;209m+[38;2;86;148;196m+[38;2;101;140;174m+[38;2;122;110;108m+[38;2;122;105;98m+[38;2;114;105;101m+[38;2;137;137;134m+[38;2;167;168;167m*[0m
[0m [38;2;87;150;199m+[38;2;81;154;210m+[38;2;80;148;196m+[38;2;85;142;184m+[38;2;82;133;171m+[38;2;77;125;164m+[38;2;85;116;139m+[38;2;98;94;89m=[38;2;81;86;87m=[38;2;114;99;82m+[38;2;255;173;64m#[38;2;255;173;68m#[38;2;255;178;55m#[38;2;255;168;97m*[38;2;76;174;252m*[38;2;96;124;147m+[38;2;85;82;76m=[38;2;135;116;110m+[38;2;255;159;142m*[38;2;188;81;71m+[38;2;200;85;76m+[38;2;255;109;77m+[38;2;255;173;64m#[38;2;255;177;63m#[38;2;255;174;63m#[38;2;255;178;66m#[38;2;255;177;49m#[38;2;209;167;136m*[38;2;65;167;249m*[38;2;91;174;240m*[38;2;95;154;202m+[38;2;88;106;116m+[38;2;83;86;81m=[38;2;104;105;112m+[38;2;152;126;144m+[38;2;213;127;136m+[38;2;255;116;106m*[38;2;238;92;76m+[38;2;231;79;60m+[38;2;255;93;65m+[38;2;255;102;74m+[38;2;255;107;84m+[38;2;255;112;97m+[38;2;255;117;110m+[38;2;248;123;122m*[38;2;232;118;118m+[38;2;183;94;95m+[38;2;185;83;79m+[38;2;225;186;190m#[0m        [38;2;89;170;234m*[38;2;86;168;234m*[38;2;85;157;215m+[38;2;84;147;196m+[38;2;88;128;157m+[38;2;93;117;135m+[38;2;93;120;140m+[38;2;90;126;153m+[38;2;85;106;120m+[38;2;87;88;84m=[38;2;105;109;109m+[38;2;195;197;195m#[0m
[0m [38;2;92;161;214m*[38;2;83;171;241m*[38;2;84;168;234m*[38;2;87;169;233m*[38;2;89;167;230m*[38;2;90;168;230m*[38;2;84;129;161m+[38;2;86;85;79m=[38;2;77;83;84m=[38;2;156;115;82m+[38;2;255;176;67m#[38;2;255;172;67m#[38;2;255;177;52m#[38;2;195;166;144m*[38;2;71;174;255m*[38;2;93;110;122m+[38;2;90;100;104m+[38;2;98;140;177m+[38;2;185;99;88m+[38;2;197;77;62m+[38;2;186;78;68m+[38;2;255;100;80m+[38;2;255;167;67m*[38;2;255;178;62m#[38;2;255;172;67m#[38;2;255;175;63m#[38;2;255;177;64m#[38;2;255;174;59m#[38;2;156;167;175m*[38;2;77;167;241m*[38;2;74;172;249m*[38;2;83;172;239m*[38;2;76;160;216m+[38;2;86;128;157m+[38;2;80;110;125m+[38;2;76;113;132m+[38;2;92;128;156m+[38;2;134;141;174m+[38;2;128;128;159m+[38;2;131;128;157m+[38;2;137;138;169m+[38;2;115;137;170m+[38;2;99;134;166m+[38;2;88;131;162m+[38;2;80;140;181m+[38;2;83;154;208m+[38;2;90;166;226m*[38;2;92;165;228m*[38;2;96;168;230m*[38;2;92;177;246m*[38;2;90;177;246m*[38;2;85;169;235m*[38;2;95;159;211m*[38;2;115;159;193m*[38;2;128;169;199m*[38;2;114;157;191m*[38;2;85;151;205m+[38;2;78;161;228m*[38;2;77;161;229m*[38;2;84;166;231m*[38;2;88;170;234m*[38;2;89;167;227m*[38;2;80;153;208m+[38;2;80;156;213m+[38;2;88;154;206m+[38;2;89;100;106m+[38;2;89;88;84m=[38;2;91;91;88m=[38;2;170;170;169m*[0m
[0m [38;2;98;165;220m*[38;2;131;184;225m*[38;2;109;167;213m*[38;2;100;157;207m*[38;2;92;157;211m+[38;2;95;143;188m+[38;2;123;127;143m+[38;2;128;132;145m+[38;2;90;124;154m+[38;2;153;123;99m+[38;2;255;175;62m#[38;2;255;170;71m*[38;2;255;176;52m#[38;2;175;164;157m*[38;2;72;173;254m*[38;2;94;121;140m+[38;2;92;90;85m=[38;2;84;172;241m*[38;2;74;165;229m*[38;2;110;126;153m+[38;2;160;92;89m+[38;2;211;78;65m+[38;2;255;150;71m*[38;2;255;181;63m#[38;2;255;167;66m*[38;2;255;176;63m#[38;2;255;177;64m#[38;2;255;176;63m#[38;2;255;176;56m#[38;2;255;173;99m*[38;2;150;164;173m*[38;2;134;125;151m+[38;2;172;134;163m+[38;2;94;170;242m*[38;2;89;174;242m*[38;2;95;154;203m+[38;2;91;141;181m+[38;2;80;148;196m+[38;2;82;166;226m*[38;2;81;156;207m+[38;2;79;141;184m+[38;2;84;130;161m+[38;2;88;120;142m+[38;2;90;122;146m+[38;2;91;129;161m+[38;2;92;132;165m+[38;2;92;134;168m+[38;2;88;147;190m+[38;2;82;153;202m+[38;2;78;154;209m+[38;2;81;155;216m+[38;2;95;137;169m+[38;2;146;150;151m*[0m   [38;2;162;189;209m*[38;2;202;215;221m#[38;2;153;189;216m*[38;2;110;160;201m*[38;2;87;143;189m+[38;2;81;116;145m+[38;2;131;125;133m+[38;2;129;119;120m+[38;2;98;100;100m+[38;2;98;93;87m=[38;2;100;94;90m=[38;2;104;105;104m+[38;2;159;160;162m*[0m
[0m  [38;2;255;255;241m@[38;2;255;255;231m%[38;2;255;247;222m%[38;2;255;236;216m%[38;2;250;223;208m#[38;2;255;218;194m#[38;2;255;205;176m#[38;2;255;176;162m*[38;2;232;154;119m*[38;2;255;173;59m#[38;2;255;172;68m#[38;2;255;177;58m#[38;2;255;171;90m*[38;2;83;170;238m*[38;2;88;167;229m*[38;2;91;97;100m=[38;2;90;106;117m+[38;2;89;175;245m*[38;2;84;175;245m*[38;2;86;170;232m*[38;2;118;127;164m+[38;2;239;115;69m+[38;2;255;187;57m#[38;2;255;171;65m#[38;2;255;137;66m*[38;2;255;178;59m#[38;2;255;174;62m#[38;2;255;176;65m#[38;2;255;177;55m#[38;2;255;179;57m#[38;2;255;162;85m*[38;2;255;136;47m*[38;2;191;156;147m*[38;2;69;173;254m*[38;2;84;166;230m*[38;2;77;132;168m+[38;2;90;173;239m*[38;2;94;175;241m*[38;2;93;176;245m*[38;2;93;168;231m*[38;2;92;164;224m*[38;2;92;160;214m*[38;2;91;159;213m*[38;2;90;166;226m*[38;2;84;160;220m*[38;2;81;136;168m+[38;2;102;109;116m+[38;2;130;100;96m+[38;2;138;119;115m+[38;2;136;136;136m+[38;2;164;153;144m*[0m  [38;2;255;254;225m%[38;2;255;255;227m%[38;2;255;255;231m%[38;2;255;255;235m%%[38;2;255;255;230m%[38;2;255;237;222m%[38;2;239;209;194m#[38;2;255;181;152m#[38;2;255;184;152m#[38;2;255;179;151m#[38;2;255;180;153m#[38;2;224;149;129m*[0m
[0m [38;2;255;249;222m%[38;2;255;255;251m@[38;2;255;255;235m%[38;2;255;255;236m%[38;2;255;255;225m%[38;2;255;255;229m%[38;2;255;240;208m%[38;2;255;183;152m#[38;2;255;185;158m#[38;2;255;167;119m*[38;2;255;173;58m#[38;2;255;177;64m#[38;2;255;176;65m#[38;2;255;177;51m#[38;2;210;167;136m*[38;2;67;173;255m*[38;2;94;162;215m*[38;2;91;93;95m=[38;2;90;107;118m+[38;2;88;176;247m*[38;2;90;143;185m+[38;2;80;154;208m+[38;2;104;157;207m*[38;2;205;140;92m*[38;2;239;145;70m*[38;2;255;110;88m+[38;2;255;146;82m*[38;2;255;189;68m#[38;2;255;179;58m#[38;2;255;173;59m#[38;2;255;175;63m#[38;2;255;179;61m#[38;2;255;182;65m#[38;2;255;178;56m#[38;2;233;169;118m*[38;2;115;140;176m+[38;2;170;101;81m+[38;2;88;103;117m+[38;2;71;117;148m+[38;2;75;108;130m+[38;2;76;105;119m+[38;2;77;121;146m+[38;2;77;145;191m+[38;2;76;149;200m+[38;2;81;134;172m+[38;2;116;155;185m*[38;2;237;166;169m*[38;2;243;106;96m+[38;2;213;81;69m+[38;2;255;120;95m*[38;2;255;232;225m%[0m  [38;2;255;235;209m%[38;2;255;255;255m@[38;2;255;253;220m%[38;2;255;255;231m%[38;2;255;255;238m%[38;2;255;250;220m%[38;2;255;255;227m%[38;2;255;255;234m%[38;2;255;236;205m%[38;2;255;181;156m#[38;2;255;186;159m#[38;2;255;194;162m#[38;2;255;191;160m#[38;2;218;149;128m*[0m
[0m [38;2;255;246;219m%[38;2;255;254;222m%[38;2;255;255;233m%[38;2;255;255;232m%[38;2;255;255;233m%[38;2;255;249;219m%[38;2;255;192;163m#[38;2;230;147;125m*[38;2;229;151;127m*[38;2;255;144;80m*[38;2;255;170;63m#[38;2;255;178;62m#[38;2;255;177;63m#[38;2;255;176;64m#[38;2;255;176;54m#[38;2;163;166;170m*[38;2;67;171;254m*[38;2;93;167;225m*[38;2;93;109;121m+[38;2;90;129;157m+[38;2;88;149;197m+[38;2;92;81;70m=[38;2;81;125;153m+[38;2;65;135;186m+[38;2;82;110;126m+[38;2;91;96;91m=[38;2;93;94;105m=[38;2;161;134;114m+[38;2;255;168;94m*[38;2;255;189;87m#[38;2;255;177;64m#[38;2;255;171;58m#[38;2;255;174;63m#[38;2;255;175;64m#[38;2;255;179;55m#[38;2;255;139;67m*[38;2;255;166;66m#[38;2;254;140;67m*[38;2;188;108;74m+[38;2;207;122;90m+[38;2;216;133;108m*[38;2;223;138;115m*[38;2;225;144;130m*[38;2;201;149;160m*[38;2;105;131;160m+[38;2;80;128;157m+[38;2;128;111;125m+[38;2;141;102;108m+[38;2;176;101;94m+[38;2;255;106;81m+[38;2;238;131;116m*[38;2;207;181;181m*[0m [38;2;255;246;216m%[38;2;255;220;190m#[38;2;255;255;235m%[38;2;255;255;238m%[38;2;255;247;217m%[38;2;255;218;188m#[38;2;255;255;237m%[38;2;255;229;200m%[38;2;232;152;131m*[38;2;255;173;148m*[38;2;255;184;155m#[38;2;255;191;159m#[38;2;246;161;138m*[0m
[0m [38;2;255;249;219m%[38;2;255;222;191m%[38;2;255;255;225m%[38;2;255;255;248m@[38;2;255;249;217m%[38;2;228;146;124m*[38;2;211;134;112m*[38;2;203;132;117m+[38;2;231;149;105m*[38;2;255;133;68m*[38;2;255;160;67m*[38;2;255;178;62m#[38;2;255;172;64m#[38;2;255;178;64m#[38;2;255;175;63m#[38;2;255;175;57m#[38;2;171;171;172m*[38;2;70;152;216m+[38;2;88;162;220m*[38;2;88;140;181m+[38;2;89;158;213m+[38;2;93;127;153m+[38;2;125;74;59m=[38;2;122;85;80m=[38;2;159;113;96m+[38;2;254;150;74m*[38;2;211;138;71m*[38;2;143;120;96m+[38;2;145;131;130m+[38;2;203;155;142m*[38;2;255;184;127m#[38;2;255;188;90m#[38;2;255;180;63m#[38;2;255;179;63m#[38;2;255;177;65m#[38;2;255;178;65m#[38;2;255;175;63m#[38;2;255;181;63m#[38;2;255;181;64m#[38;2;255;178;63m#[38;2;255;175;63m#[38;2;255;172;63m#[38;2;255;172;59m#[38;2;255;157;52m*[38;2;255;94;63m+[38;2;203;123;108m+[38;2;105;121;125m+[38;2;63;87;94m=[38;2;156;157;156m*[38;2;255;130;111m*[38;2;222;75;60m+[38;2;194;98;92m+[38;2;254;231;213m#[38;2;255;231;200m%[38;2;255;214;185m#[38;2;255;255;227m%[38;2;255;255;233m%[38;2;255;211;183m#[38;2;255;240;208m%[38;2;255;255;237m%[38;2;255;205;176m#[38;2;251;159;135m*[38;2;255;194;161m#[38;2;255;187;158m#[38;2;255;193;161m#[0m
[0m  [38;2;255;221;194m#[38;2;255;240;211m%[38;2;255;241;209m%[38;2;255;179;153m#[38;2;241;154;130m*[38;2;255;196;163m#[38;2;255;188;167m#[38;2;255;183;94m#[38;2;255;133;64m*[38;2;255;147;69m*[38;2;255;185;62m#[38;2;255;139;69m*[38;2;255;167;64m*[38;2;255;181;63m#[38;2;255;175;62m#[38;2;255;178;55m#[38;2;203;161;130m*[38;2;95;132;161m+[38;2;102;180;244m*[38;2;87;158;216m+[38;2;83;130;161m+[38;2;210;115;103m+[38;2;233;88;73m+[38;2;192;87;73m+[38;2;255;127;76m*[38;2;255;153;68m*[38;2;255;180;68m#[38;2;255;184;69m#[38;2;255;149;70m*[38;2;255;139;86m*[38;2;255;148;95m*[38;2;255;147;67m*[38;2;255;163;61m*[38;2;255;175;63m#[38;2;255;182;64m#[38;2;255;184;65m#[38;2;255;181;63m#[38;2;255;179;62m#[38;2;255;178;63m#[38;2;255;177;63m#[38;2;255;178;64m#[38;2;255;184;62m#[38;2;255;133;73m*[38;2;255;99;75m+[38;2;255;94;81m+[38;2;255;187;149m#[38;2;255;177;108m*[38;2;227;178;169m*[38;2;255;117;96m*[38;2;255;100;73m+[38;2;255;88;66m+[38;2;217;117;105m+[0m [38;2;255;247;219m%[38;2;255;255;224m%[38;2;255;200;169m#[38;2;255;184;156m#[38;2;255;196;166m#[38;2;255;215;186m#[38;2;255;205;175m#[38;2;255;185;157m#[38;2;255;178;151m#[38;2;255;175;150m*[38;2;255;180;153m#[0m
[0m    [38;2;247;202;177m#[38;2;225;170;147m*[38;2;255;204;175m#[0m [38;2;255;177;125m*[38;2;255;183;62m#[38;2;255;147;68m*[38;2;255;117;72m*[38;2;255;186;62m#[38;2;255;155;66m*[38;2;255;109;74m+[38;2;255;168;64m*[38;2;255;181;63m#[38;2;255;176;64m#[38;2;255;175;52m#[38;2;255;181;118m#[38;2;225;186;153m*[38;2;75;154;213m+[38;2;123;122;118m+[38;2;197;155;151m*[38;2;245;95;76m+[38;2;233;87;76m+[38;2;253;120;77m+[38;2;255;137;74m*[38;2;255;128;73m*[38;2;255;144;67m*[38;2;255;177;63m#[38;2;255;184;55m#[38;2;255;163;73m*[38;2;255;150;93m*[38;2;255;133;80m*[38;2;255;121;70m*[38;2;255;120;59m*[38;2;255;132;57m*[38;2;255;147;64m*[38;2;255;161;65m*[38;2;255;168;65m*[38;2;255;174;65m#[38;2;255;177;63m#[38;2;255;138;69m*[38;2;255;93;75m+[38;2;255;92;75m+[38;2;240;121;70m+[38;2;255;177;54m#[38;2;255;150;57m*[38;2;255;117;95m*[38;2;255;123;103m*[38;2;255;98;70m+[38;2;255;102;75m+[38;2;255;105;78m+[38;2;253;141;125m*[0m
[0m       [38;2;255;175;52m*[38;2;255;174;58m#[38;2;255;178;64m#[38;2;255;176;63m#[38;2;255;137;69m*[38;2;255;159;66m*[38;2;255;185;62m#[38;2;255;120;72m*[38;2;255;100;75m+[38;2;255;149;69m*[38;2;255;176;66m#[38;2;255;180;63m#[38;2;255;185;62m#[38;2;255;164;60m*[38;2;146;157;183m*[38;2;162;133;145m+[38;2;226;86;57m+[38;2;255;108;76m+[38;2;255;109;76m+[38;2;255;110;76m+[38;2;255;156;69m*[38;2;255;137;71m*[38;2;255;129;75m*[38;2;255;120;75m*[38;2;255;135;69m*[38;2;255;168;75m*[38;2;255;204;160m#[38;2;255;243;214m%[38;2;255;239;213m%[38;2;255;196;164m#[38;2;255;168;131m*[38;2;255;136;84m*[38;2;255;115;71m*[38;2;255;111;73m*[38;2;255;114;73m*[38;2;255;105;75m+[38;2;255;93;76m+[38;2;255;115;73m*[38;2;255;151;68m*[38;2;255;188;63m#[38;2;255;167;66m*[38;2;255;104;76m+[38;2;255;96;74m+[38;2;255;98;70m+[38;2;255;102;75m+[38;2;255;101;74m+[38;2;255;99;72m+[38;2;255;112;85m*[38;2;187;92;80m+[0m
[0m     [38;2;255;173;71m*[38;2;255;172;68m#[38;2;255;140;72m*[38;2;255;160;68m*[38;2;255;182;59m#[38;2;255;178;60m#[38;2;255;180;62m#[38;2;255;170;64m#[38;2;255;180;62m#[38;2;255;164;65m*[38;2;255;98;75m+[38;2;255;97;75m+[38;2;255;119;73m*[38;2;255;152;68m*[38;2;255;138;69m*[38;2;255;105;69m+[38;2;232;94;88m+[38;2;168;106;94m+[38;2;255;134;63m*[38;2;255;141;74m*[38;2;255;158;66m*[38;2;255;90;76m+[38;2;255;129;75m*[38;2;255;171;64m#[38;2;255;130;71m*[38;2;255;132;72m*[38;2;255;126;75m*[38;2;255;105;72m+[38;2;255;123;87m*[38;2;255;186;118m#[38;2;255;216;146m#[38;2;255;226;178m%[38;2;255;247;209m%[38;2;255;230;177m%[38;2;255;180;92m#[38;2;255;156;64m*[38;2;255;140;73m*[38;2;255;148;66m*[38;2;255;154;67m*[38;2;255;177;64m#[38;2;255;188;61m#[38;2;255;162;64m*[38;2;255;109;74m*[38;2;243;91;75m+[38;2;242;92;74m+[38;2;255;104;76m+[38;2;255;101;76m+[38;2;255;99;74m+[38;2;255;101;74m+[38;2;255;102;73m+[38;2;237;88;72m+[38;2;255;96;74m+[38;2;255;106;77m*[38;2;255;104;77m+[38;2;255;102;74m+[38;2;255;95;67m+[0m
[0m    [38;2;255;155;71m*[38;2;255;161;68m*[38;2;255;159;69m*[38;2;255;145;67m*[38;2;255;148;64m*[38;2;255;160;78m*[38;2;255;169;75m*[38;2;255;171;62m#[38;2;255;178;64m#[38;2;255;175;64m#[38;2;255;181;62m#[38;2;255;137;69m*[38;2;255;95;76m+[38;2;255;99;75m+[38;2;255;97;75m+[38;2;255;99;76m+[38;2;236;85;73m+[38;2;191;81;65m+[38;2;255;142;63m*[38;2;255;134;74m*[38;2;255;178;63m#[38;2;255;169;63m#[38;2;255;105;73m+[38;2;255;94;76m+[38;2;255;156;70m*[38;2;255;180;62m#[38;2;255;128;72m*[38;2;255;124;73m*[38;2;255;152;70m*[38;2;255;127;70m*[38;2;255;102;70m+[38;2;255;101;62m+[38;2;255;124;58m*[38;2;255;160;62m*[38;2;255;179;65m#[38;2;255;165;68m*[38;2;255;147;71m*[38;2;255;148;73m*[38;2;255;182;63m#[38;2;255;185;62m#[38;2;255;177;63m#[38;2;255;141;68m*[38;2;255;102;74m+[38;2;255;93;75m+[38;2;223;87;72m+[38;2;255;98;74m+[38;2;255;102;77m+[38;2;255;103;79m+[38;2;255;99;76m+[38;2;239;89;72m+[38;2;255;96;73m+[38;2;255;100;73m+[38;2;255;100;74m+[38;2;255;103;74m+[38;2;255;101;72m+[38;2;255;133;109m*[38;2;255;129;109m*[38;2;255;99;79m+[38;2;255;120;99m*[38;2;255;115;94m+[0m
[0m      [38;2;255;174;60m#[38;2;255;141;69m*[38;2;255;181;156m#[38;2;255;205;179m#[38;2;239;158;140m*[38;2;255;188;109m#[38;2;255;174;52m#[38;2;255;175;58m#[38;2;255;177;64m#[38;2;255;179;62m#[38;2;255;126;71m*[38;2;255;95;75m+[38;2;255;106;74m+[38;2;229;84;71m+[38;2;185;81;68m+[38;2;255;143;66m*[38;2;255;123;75m*[38;2;255;164;67m*[38;2;255;179;62m#[38;2;255;177;63m#[38;2;255;118;71m*[38;2;255;96;74m+[38;2;255;109;76m+[38;2;255;176;65m#[38;2;255;182;63m#[38;2;255;139;72m*[38;2;255;108;75m+[38;2;255;151;68m*[38;2;255;166;67m*[38;2;255;125;76m*[38;2;255;99;79m+[38;2;255;106;75m+[38;2;255;135;70m*[38;2;255;158;68m*[38;2;255;170;68m*[38;2;255;181;64m#[38;2;255;175;65m#[38;2;255;156;66m*[38;2;255;115;72m*[38;2;255;95;76m+[38;2;255;100;75m+[38;2;255;99;74m+[38;2;255;102;74m++[38;2;255;101;74m+[38;2;255;102;77m+[38;2;255;103;76m+[38;2;255;100;76m+[38;2;220;88;73m+[38;2;207;81;71m+[38;2;239;89;73m+[38;2;255;100;76m+[38;2;255;103;76m+[38;2;255;106;82m+[38;2;255;187;174m#[38;2;207;199;196m#[0m [38;2;244;92;76m+[38;2;200;82;70m+[0m
[0m    [38;2;255;168;64m*[38;2;255;168;79m*[38;2;222;101;81m+[38;2;220;135;123m*[38;2;255;255;254m@[38;2;255;194;164m#[38;2;255;213;192m#[38;2;255;228;161m%[38;2;255;169;70m*[38;2;255;181;98m#[38;2;255;170;59m#[38;2;255;177;63m##[38;2;255;129;71m*[38;2;255;83;74m+[38;2;188;85;68m+[38;2;255;144;65m*[38;2;255;117;74m*[38;2;255;157;69m*[38;2;255;182;61m#[38;2;255;174;63m#[38;2;255;181;62m#[38;2;255;126;71m*[38;2;255;98;75m+[38;2;255;95;74m+[38;2;253;125;72m*[38;2;255;181;60m#[38;2;255;178;65m#[38;2;255;159;68m*[38;2;255;109;74m+[38;2;255;124;71m*[38;2;255;172;64m##[38;2;255;134;71m*[38;2;255;102;76m+[38;2;255;97;75m+[38;2;255;115;72m*[38;2;255;138;69m*[38;2;255;118;71m*[38;2;255;95;76m+[38;2;255;97;75m+[38;2;255;102;74m+[38;2;255;101;74m+[38;2;255;102;74m+[38;2;255;101;74m+[38;2;255;101;76m+[38;2;255;100;74m+[38;2;255;96;69m+[38;2;255;96;70m+[38;2;255;97;70m+[38;2;255;99;71m+[38;2;243;90;72m+[38;2;190;81;72m+[38;2;168;87;79m+[0m      [38;2;213;178;171m*[0m
[0m    [38;2;255;152;76m*[0m [38;2;208;178;188m*[38;2;255;226;199m#[38;2;255;255;245m@[38;2;255;182;155m#[38;2;255;249;225m%[38;2;255;226;161m%[38;2;255;175;108m*[38;2;255;255;238m%[38;2;255;202;155m#[38;2;255;171;61m#[38;2;255;178;64m#[38;2;255;179;63m#[38;2;255;136;66m*[38;2;255;142;66m*[38;2;255;116;74m*[38;2;255;155;69m*[38;2;255;183;61m#[38;2;255;174;64m#[38;2;255;176;63m#[38;2;255;174;63m#[38;2;255;110;74m+[38;2;255;100;77m+[38;2;255;103;77m+[38;2;197;75;69m+[38;2;255;149;77m*[38;2;255;185;64m#[38;2;255;177;62m#[38;2;255;177;63m#[38;2;255;126;71m*[38;2;255;97;75m+[38;2;255;136;69m*[38;2;255;179;62m#[38;2;255;180;63m#[38;2;255;151;68m*[38;2;255;122;72m*[38;2;255;110;74m+[38;2;255;108;74m+[38;2;255;108;75m+[38;2;255;106;77m++[38;2;255;105;76m+[38;2;255;104;77m+[38;2;255;95;68m+[38;2;255;136;112m*[38;2;255;162;136m*[38;2;255;118;94m*[38;2;255;129;104m*[38;2;254;135;111m*[38;2;245;133;110m*[38;2;255;167;141m*[38;2;221;114;98m+[38;2;197;77;68m+[38;2;199;83;72m+[38;2;202;77;66m+[38;2;200;74;63m+[38;2;210;94;83m+[38;2;233;143;133m*[38;2;232;176;161m*[0m
[0m       [38;2;255;255;228m%[38;2;255;255;238m%[38;2;255;204;175m#[38;2;255;254;223m%[38;2;255;255;234m%[38;2;255;228;186m%[38;2;255;255;238m%[38;2;255;220;162m#[38;2;255;164;42m*[38;2;255;178;67m#[38;2;255;179;62m#[38;2;255;159;66m*[38;2;255;107;76m+[38;2;255;157;67m*[38;2;255;183;61m#[38;2;255;174;63m#[38;2;255;175;64m#[38;2;255;176;66m#[38;2;255;144;71m*[38;2;255;97;77m+[38;2;255;103;76m+[38;2;255;96;72m+[38;2;203;85;75m+[38;2;224;181;182m*[38;2;255;174;61m#[38;2;255;186;64m#[38;2;255;175;63m#[38;2;255;182;61m#[38;2;255;156;66m*[38;2;255;106;73m+[38;2;255;99;75m+[38;2;255;141;68m*[38;2;255;178;62m#[38;2;255;189;61m#[38;2;255;177;63m#[38;2;255;154;66m*[38;2;255;147;59m*[38;2;255;138;54m*[38;2;255;127;57m*[38;2;255;116;64m*[38;2;255;95;68m+[38;2;255;93;67m+[38;2;255;147;121m*[38;2;255;235;205m%[38;2;255;195;165m#[38;2;255;192;162m#[38;2;255;194;164m#[38;2;255;190;160m#[38;2;255;200;169m#[38;2;238;174;154m*[38;2;185;69;62m=[38;2;195;79;70m+[38;2;200;93;84m+[38;2;207;108;101m+[38;2;233;159;153m*[0m
[0m       [38;2;255;255;229m%[38;2;255;255;240m%[38;2;255;226;197m%[38;2;255;255;226m%[38;2;255;254;224m%[38;2;255;255;230m%[38;2;255;255;233m%[38;2;255;249;210m%[38;2;255;196;115m#[38;2;255;173;55m#[38;2;255;170;64m#[38;2;255;113;74m*[38;2;255;160;66m*[38;2;255;182;61m#[38;2;255;175;63m#[38;2;255;176;63m#[38;2;255;177;63m#[38;2;255;168;67m*[38;2;255;109;79m+[38;2;255;100;78m+[38;2;255;105;78m+[38;2;233;75;57m+[38;2;222;141;133m*[0m  [38;2;255;174;69m#[38;2;255;181;63m#[38;2;255;175;63m#[38;2;255;181;62m#[38;2;255;177;63m#[38;2;255;139;69m*[38;2;255;98;75m+[38;2;255;103;74m+[38;2;255;140;68m*[38;2;255;176;62m#[38;2;255;156;72m*[38;2;255;165;142m*[38;2;255;197;162m#[38;2;255;172;143m#[38;2;255;168;142m*[38;2;255;184;158m#[38;2;251;157;134m*[38;2;255;212;183m#[38;2;255;216;188m#[38;2;255;203;173m#[38;2;255;184;153m#[38;2;255;186;157m#[38;2;255;190;160m#[38;2;255;185;155m#[38;2;255;205;177m#[38;2;198;102;91m+[38;2;191;71;62m=[38;2;221;138;131m*[38;2;212;149;141m*[0m
[0m   [38;2;255;168;69m*[38;2;255;170;69m*[38;2;255;114;68m+[38;2;245;154;134m*[38;2;255;255;233m%[38;2;255;255;238m%[38;2;255;251;221m%[38;2;255;255;227m%[38;2;255;255;232m%[38;2;255;253;223m%[38;2;255;255;227m%[38;2;255;255;239m%[38;2;255;255;245m%[38;2;255;205;133m#[38;2;255;168;57m*[38;2;255;171;65m#[38;2;255;181;62m#[38;2;255;175;62m#[38;2;255;176;63m#[38;2;255;175;63m#[38;2;255;181;60m#[38;2;255;137;68m*[38;2;255;96;78m+[38;2;255;104;78m+[38;2;255;97;71m+[38;2;207;86;75m+[38;2;234;199;195m#[0m  [38;2;255;156;69m*[38;2;255;147;68m*[38;2;255;173;63m#[38;2;255;175;62m#[38;2;255;176;63m#[38;2;255;183;61m#[38;2;255;168;64m*[38;2;255;121;71m*[38;2;255;92;75m+[38;2;255;111;73m*[38;2;255;136;69m*[38;2;255;184;148m#[38;2;255;255;230m%[38;2;255;255;242m%[38;2;255;255;234m%[38;2;255;255;235m%[38;2;250;193;169m#[38;2;255;220;191m#[38;2;255;255;250m@[38;2;255;233;203m%[38;2;255;177;148m#[38;2;255;181;153m#[38;2;255;187;157m#[38;2;255;185;154m#[38;2;255;211;179m#[38;2;224;136;120m*[38;2;189;67;59m=[38;2;187;77;67m+[38;2;179;73;64m=[0m
