[38;2;72;72;122m======================[38;2;73;73;121m====[38;2;71;71;121m=[38;2;72;72;122m=[38;2;73;73;121m=[38;2;70;70;120m=[38;2;71;71;122m=[38;2;73;73;123m=[38;2;70;70;120m=[38;2;63;63;116m=[38;2;63;63;115m=[38;2;63;63;116m=[38;2;63;63;117m=[38;2;63;63;116m=[38;2;63;63;113m=[38;2;63;63;109m=[38;2;63;63;111m=[38;2;63;63;115m=[38;2;64;64;116m=[38;2;66;66;118m=[38;2;63;63;111m=[38;2;63;63;105m=[38;2;63;63;103m=[38;2;63;63;104m=[38;2;63;63;105m=[38;2;63;63;107m=[38;2;63;63;105m=[38;2;63;63;107m=[38;2;63;63;109m==[38;2;63;63;110m=[38;2;63;63;113m=[38;2;63;63;114m=[38;2;63;63;113m=[38;2;63;63;111m=[38;2;63;63;110m=[38;2;63;63;108m=[38;2;63;63;109m=[38;2;63;63;113m=[38;2;66;66;117m=[38;2;70;70;120m=[38;2;72;72;122m=========[38;2;70;69;119m=[38;2;69;68;119m=[38;2;67;67;117m=[38;2;66;65;117m=[38;2;67;66;118m=[38;2;67;67;117m=[38;2;71;71;121m=[38;2;72;72;122m======[38;2;71;71;122m=[38;2;70;70;120m==[38;2;71;71;121m=[38;2;70;70;119m==[38;2;71;71;121m==[38;2;72;72;122m=[38;2;73;73;123m=[38;2;72;72;122m=======[38;2;73;73;121m=[38;2;71;71;120m=[38;2;65;65;116m=[38;2;64;64;115m=[38;2;70;69;118m=[38;2;70;70;119m=[38;2;71;71;120m=[38;2;73;73;121m=[38;2;74;74;121m=[38;2;73;73;121m=[38;2;72;72;122m==========[38;2;73;73;121m==[38;2;72;72;122m==============[0m
[38;2;72;72;122m=======[38;2;73;73;121m=======[38;2;73;72;122m=[38;2;72;72;122m=====[38;2;73;73;121m=[38;2;71;71;122m=[38;2;68;70;121m=[38;2;69;69;122m==[38;2;69;69;120m=[38;2;76;76;125m=[38;2;72;72;123m=[38;2;70;70;120m=[38;2;81;81;127m=[38;2;76;76;123m=[38;2;69;69;119m=[38;2;86;85;130m=[38;2;116;116;151m+[38;2;122;122;157m+[38;2;131;130;159m+[38;2;139;139;162m+[38;2;151;150;168m*[38;2;178;178;196m*[38;2;196;197;214m#[38;2;203;205;218m#[38;2;190;192;209m*[38;2;175;174;196m*[38;2;154;154;178m*[38;2;167;167;193m*[38;2;171;169;197m*[38;2;176;175;201m*[38;2;182;182;208m*[38;2;172;172;200m*[38;2;168;168;195m*[38;2;182;182;208m*[38;2;186;186;210m*[38;2;207;207;226m#[38;2;213;213;231m#[38;2;222;222;239m#[38;2;231;231;245m#[38;2;225;225;241m#[38;2;219;219;235m#[38;2;216;216;233m#[38;2;198;198;220m#[38;2;177;177;202m*[38;2;147;147;180m*[38;2;130;131;167m+[38;2;121;121;159m+[38;2;94;94;139m+[38;2;72;72;122m========[38;2;71;71;121m=[38;2;84;86;130m=[38;2;88;89;130m=[38;2;94;95;136m+[38;2;98;102;142m+[38;2;97;99;139m+[38;2;96;97;139m+[38;2;78;78;125m=[38;2;72;72;121m=[38;2;72;72;122m=====[38;2;75;75;123m=[38;2;85;85;131m=[38;2;84;84;130m=[38;2;75;75;123m=[38;2;89;88;135m=[38;2;91;91;136m=[38;2;82;80;128m=[38;2;82;82;129m=[38;2;73;73;123m=[38;2;70;70;120m=[38;2;73;73;121m===[38;2;75;75;123m=[38;2;73;73;121m=[38;2;71;71;121m=[38;2;70;70;122m=[38;2;69;69;123m=[38;2;78;79;129m=[38;2;108;109;152m+[38;2;109;110;152m+[38;2;84;86;134m=[38;2;77;80;130m=[38;2;75;76;128m=[38;2;66;68;122m=[38;2;67;67;122m=[38;2;66;68;122m=[38;2;71;71;122m=[38;2;72;72;122m==[38;2;72;73;122m=[38;2;72;72;122m==[38;2;73;73;121m===[38;2;72;72;122m=[38;2;69;69;120m=[38;2;70;70;120m=[38;2;73;73;121m=[38;2;72;72;122m==[38;2;73;73;121m===[38;2;72;72;122m=====[38;2;73;73;121m=[38;2;73;72;122m=[38;2;72;72;122m=[0m
[38;2;70;70;122m=[38;2;72;72;122m=[38;2;73;73;121m=[38;2;72;72;122m===[38;2;70;70;122m=[38;2;69;69;124m==[38;2;67;69;124m=[38;2;69;69;124m=[38;2;69;69;123m=[38;2;68;70;123m=[38;2;69;69;123m=[38;2;69;70;122m=[38;2;70;70;122m=[38;2;71;71;122m=[38;2;71;71;123m==[38;2;72;70;123m=[38;2;69;69;124m=[38;2;75;74;122m=[38;2;91;89;123m=[38;2;106;104;127m+[38;2;113;109;131m+[38;2;114;112;138m+[38;2;125;124;150m+[38;2;108;107;139m+[38;2;97;94;129m+[38;2;114;115;155m+[38;2;131;130;156m+[38;2;142;142;165m+[38;2;142;143;167m+[38;2;172;173;190m*[38;2;189;190;200m*[38;2;175;175;180m*[38;2;187;185;177m*[38;2;191;189;178m*[38;2;228;229;228m#[38;2;185;189;211m*[38;2;118;122;156m+[38;2;95;96;138m+[38;2;121;123;151m+[38;2;158;162;177m*[38;2;208;212;228m#[38;2;232;235;247m#[38;2;244;247;255m%[38;2;255;255;255m@@@@@@@@@@@@@@[38;2;238;246;234m%[38;2;142;148;163m*[38;2;89;89;135m=[38;2;76;76;124m=[38;2;72;72;122m========[38;2;71;71;120m=[38;2;90;95;133m=[38;2;112;117;141m+[38;2;142;147;168m+[38;2;112;118;155m+[38;2;109;114;149m+[38;2;100;101;147m+[38;2;73;73;126m=[38;2;70;70;123m=[38;2;71;71;123m==[38;2;71;71;122m=[38;2;72;72;122m=[38;2;72;72;121m=[38;2;74;74;122m=[38;2;80;80;127m=[38;2;78;78;126m=[38;2;74;74;122m=[38;2;91;94;133m=[38;2;115;118;153m+[38;2;113;116;154m+[38;2;99;102;145m++[38;2;92;93;142m=[38;2;69;69;122m=[38;2;69;69;124m===[38;2;72;72;124m=[38;2;75;74;123m=[38;2;80;79;121m=[38;2;90;86;117m=[38;2;103;99;126m+[38;2;137;132;147m+[38;2;151;146;153m+[38;2;135;132;142m+[38;2;149;145;139m+[38;2;157;151;140m*[38;2;127;123;130m+[38;2;114;111;126m+[38;2;106;105;122m+[38;2;77;77;123m=[38;2;71;71;123m=[38;2;70;70;123m=[38;2;71;69;124m=[38;2;72;72;122m=[38;2;70;70;122m=[38;2;69;69;123m=[38;2;69;68;124m=[38;2;68;68;125m=[38;2;75;75;120m=[38;2;93;93;130m=[38;2;91;91;132m=[38;2;70;70;122m=[38;2;74;73;124m=[38;2;71;71;123m=[38;2;69;69;124m===[38;2;72;70;123m=[38;2;70;71;122m=[38;2;70;70;122m===[38;2;69;70;122m==[38;2;70;70;122m=[0m
[38;2;84;82;119m=[38;2;71;71;122m=[38;2;69;69;123m=[38;2;70;70;122m=[38;2;72;71;122m==[38;2;80;80;117m=[38;2;88;87;115m=[38;2;93;92;112m=[38;2;94;94;112m=[38;2;89;89;114m=[38;2;89;88;116m=[38;2;87;86;118m=[38;2;84;82;119m=[38;2;83;82;119m=[38;2;79;79;121m=[38;2;77;77;120m=[38;2;76;78;118m=[38;2;76;78;115m=[38;2;78;82;112m=[38;2;76;80;115m=[38;2;104;100;116m+[38;2;143;132;112m+[38;2;121;114;117m+[38;2;141;133;114m+[38;2;153;144;118m+[38;2;144;134;113m+[38;2;142;134;116m+[38;2;155;149;118m*[38;2;106;106;116m+[38;2;98;103;131m+[38;2;140;140;137m+[38;2;134;139;137m+[38;2;159;157;146m*[38;2;110;111;139m+[38;2;167;164;162m*[38;2;157;153;144m*[38;2;165;155;139m*[38;2;153;152;136m*[38;2;129;135;135m+[38;2;136;136;143m+[38;2;117;119;141m+[38;2;109;110;140m+[38;2;90;93;135m=[38;2;63;63;113m=[38;2;63;63;107m=[38;2;63;63;109m=[38;2;66;70;118m=[38;2;137;140;152m+[38;2;200;204;203m#[38;2;255;255;255m%@@@@@@@@[38;2;217;229;233m#[38;2;174;181;180m*[38;2;116;119;140m+[38;2;65;65;118m=[38;2;64;64;118m=[38;2;69;69;121m=[38;2;72;72;122m=[38;2;73;73;123m=[38;2;72;72;122m=====[38;2;72;73;122m=[38;2;72;72;123m=[38;2;67;66;121m=[38;2;64;63;121m=[38;2;67;67;115m=[38;2;71;73;111m=[38;2;77;78;108m=[38;2;81;85;104m=[38;2;86;89;110m=[38;2;84;87;112m=[38;2;77;78;117m=[38;2;77;77;118m=[38;2;76;76;119m=[38;2;72;71;123m=[38;2;71;69;126m=[38;2;71;71;123m=[38;2;70;70;123m=[38;2;70;70;121m=[38;2;96;96;119m+[38;2;127;127;129m+[38;2;101;104;136m+[38;2;91;94;129m=[38;2;86;86;124m=[38;2;81;83;125m=[38;2;105;106;113m+[38;2;127;125;100m+[38;2;100;100;105m+[38;2;108;112;103m+[38;2;112;114;104m+[38;2;120;117;103m+[38;2;127;127;99m+[38;2;138;137;95m+[38;2;145;140;91m+[38;2;150;141;94m+[38;2;149;139;93m+[38;2;143;135;89m+[38;2;148;142;93m+[38;2;148;141;93m+[38;2;148;140;91m+[38;2;156;147;97m+[38;2;152;145;94m+[38;2;144;141;90m+[38;2;126;125;93m+[38;2;121;123;92m+[38;2;115;119;92m+[38;2;114;118;95m+[38;2;125;126;93m+[38;2;123;123;94m+[38;2;102;100;103m+[38;2;95;96;107m=[38;2;95;98;103m+[38;2;98;101;102m+[38;2;123;126;103m+[38;2;129;131;99m+[38;2;108;109;96m+[38;2;109;110;98m+[38;2;101;102;102m+[38;2;88;88;109m=[38;2;92;90;109m=[38;2;89;89;109m=[38;2;77;78;115m=[38;2;78;78;118m=[38;2;79;78;119m=[38;2;78;78;119m=[38;2;79;78;120m=[38;2;83;81;119m=[38;2;81;80;121m=[38;2;82;81;120m=[0m
[38;2;115;111;107m+[38;2;112;110;110m+[38;2;106;105;110m+[38;2;87;88;116m=[38;2;72;73;122m=[38;2;97;103;107m+[38;2;114;120;95m+[38;2;127;133;85m+[38;2;129;137;79m+[38;2;124;131;74m+[38;2;121;128;73m+[38;2;125;131;76m+[38;2;122;128;74m+[38;2;120;127;76m+[38;2;114;122;70m+[38;2;113;118;70m+[38;2;114;119;75m+[38;2;110;119;75m+[38;2;115;120;78m+[38;2;123;126;79m+[38;2;123;123;81m+[38;2;116;116;82m+[38;2;117;114;96m+[38;2;111;109;98m+[38;2;121;122;88m+[38;2;126;126;90m+[38;2;127;125;96m+[38;2;128;127;93m+[38;2;127;127;89m+[38;2;136;132;88m+[38;2;120;123;95m+[38;2;118;119;94m+[38;2;130;130;92m+[38;2;136;130;90m+[38;2;138;131;98m+[38;2;120;117;104m+[38;2;123;122;108m+[38;2;140;133;107m+[38;2;87;94;116m=[38;2;85;111;122m+[38;2;108;137;124m+[38;2;136;150;126m+[38;2;159;153;119m*[38;2;165;160;136m*[38;2;140;140;151m+[38;2;105;107;134m+[38;2;76;76;122m=[38;2;72;71;122m=[38;2;65;64;115m=[38;2;92;94;93m=[38;2;215;217;199m#[38;2;255;255;255m@@@[38;2;252;254;255m%[38;2;214;217;229m#[38;2;189;192;212m*[38;2;131;134;169m+[38;2;115;116;154m+[38;2;98;101;143m+[38;2;83;83;124m=[38;2;86;87;109m=[38;2;98;98;118m+[38;2;108;108;126m+[38;2;82;84;117m=[38;2;70;70;122m=[38;2;73;73;121m=[38;2;72;72;122m==[38;2;72;73;122m=[38;2;72;72;122m==[38;2;71;69;124m=[38;2;72;72;121m=[38;2;80;84;110m=[38;2;100;110;94m+[38;2;109;121;84m+[38;2;109;123;74m+[38;2;102;116;76m+[38;2;104;118;74m+[38;2;107;121;65m+[38;2;102;117;66m+[38;2;98;112;71m+[38;2;96;103;85m+[38;2;95;100;93m+[38;2;91;97;94m=[38;2;86;91;97m=[38;2;97;105;84m+[38;2;93;104;84m+[38;2;100;115;79m+[38;2;100;116;76m+[38;2;101;116;71m+[38;2;98;112;71m+[38;2;109;120;74m+[38;2;117;127;76m+[38;2;110;120;79m+[38;2;119;125;76m+[38;2;126;128;75m+[38;2;116;117;81m+[38;2;127;126;80m+[38;2;123;128;75m+[38;2;119;131;72m+[38;2;113;132;69m+[38;2;105;125;68m+[38;2;107;125;71m+[38;2;116;128;73m+[38;2;117;127;74m+[38;2;120;127;76m+[38;2;124;131;78m+[38;2;122;131;77m+[38;2;121;130;77m+[38;2;124;130;79m+[38;2;127;131;81m+[38;2;127;132;80m+[38;2;124;134;76m+[38;2;119;132;73m+[38;2;116;135;71m+[38;2;119;131;72m+[38;2;117;126;73m+[38;2;122;128;78m+[38;2;135;136;83m+[38;2;131;136;77m+[38;2;130;133;76m+[38;2;134;135;81m+[38;2;141;138;88m+[38;2;129;132;76m+[38;2;134;135;76m+[38;2;132;136;76m+[38;2;125;135;72m+[38;2;123;131;72m+[38;2;129;134;71m+[38;2;134;138;72m+[38;2;127;129;80m+[38;2;132;131;85m+[38;2;137;134;85m+[38;2;138;138;86m+[38;2;142;141;85m+[38;2;148;144;85m+[38;2;150;146;94m+[38;2;145;140;100m+[0m
[38;2;71;71;122m=[38;2;76;75;121m=[38;2;82;82;119m=[38;2;78;78;119m=[38;2;71;77;121m=[38;2;89;112;101m+[38;2;112;119;86m+[38;2;113;128;78m+[38;2;112;127;70m+[38;2;113;126;69m+[38;2;121;133;98m+[38;2;115;129;97m+[38;2;118;128;109m+[38;2;116;124;103m+[38;2;132;138;116m+[38;2;139;147;121m+[38;2;131;140;96m+[38;2;120;132;82m+[38;2;116;127;76m+[38;2;117;125;75m+[38;2;121;126;80m+[38;2;111;122;73m+[38;2;101;114;66m+[38;2;106;116;67m+[38;2;104;116;67m+[38;2;103;115;74m+[38;2;107;114;75m+[38;2;111;112;80m+[38;2;121;118;80m+[38;2;122;117;79m+[38;2;123;117;81m+[38;2;123;117;79m+[38;2;126;120;78m+[38;2;110;105;98m+[38;2;88;85;119m=[38;2;76;75;124m=[38;2;85;83;123m=[38;2;89;88;122m=[38;2;78;76;123m=[38;2;90;87;111m=[38;2;117;113;97m+[38;2;120;115;102m+[38;2;117;111;102m+[38;2;102;98;112m+[38;2;111;109;121m+[38;2;83;81;123m=[38;2;69;67;125m=[38;2;72;72;124m=[38;2;74;74;125m=[38;2;74;74;121m=[38;2;116;119;141m+[38;2;199;200;212m#[38;2;225;227;231m#[38;2;167;171;194m*[38;2;68;71;118m=[38;2;63;63;109m==[38;2;63;63;111m=[38;2;63;63;115m=[38;2;66;66;118m=[38;2;72;70;120m=[38;2;81;82;116m=[38;2;92;92;118m=[38;2;94;94;129m=[38;2;77;77;120m=[38;2;71;71;122m=[38;2;71;69;124m=[38;2;74;71;122m=[38;2;73;73;121m=[38;2;71;69;122m=[38;2;72;72;123m=[38;2;72;73;117m=[38;2;101;108;96m+[38;2;105;113;87m+[38;2;101;114;69m+[38;2;103;119;62m+[38;2;90;110;66m+[38;2;75;79;105m=[38;2;80;88;93m=[38;2;89;107;73m+[38;2;87;105;73m+[38;2;87;104;74m+[38;2;90;107;73m+[38;2;88;108;71m+[38;2;88;108;73m+[38;2;92;118;63m+[38;2;95;121;59m+[38;2;93;118;59m+[38;2;93;119;59m+[38;2;92;121;59m+[38;2;94;121;59m+[38;2;95;120;60m+[38;2;94;118;62m+[38;2;93;119;61m+[38;2;97;120;61m+[38;2;98;117;62m+[38;2;99;113;62m+[38;2;97;106;65m+[38;2;98;106;65m+[38;2;98;109;65m+[38;2;99;111;64m+[38;2;98;114;63m+[38;2;98;115;63m+[38;2;98;116;62m+[38;2;94;118;62m+[38;2;94;120;61m+[38;2;99;123;63m+[38;2;99;124;62m+[38;2;102;126;63m+[38;2;102;128;64m+[38;2;105;129;64m++[38;2;103;130;63m+[38;2;104;125;67m+[38;2;106;126;67m+[38;2;105;127;66m+[38;2;105;128;65m+[38;2;109;127;67m+[38;2;110;128;67m+[38;2;107;128;66m+[38;2;108;129;67m+[38;2;106;129;67m+[38;2;108;129;68m+[38;2;114;129;69m+[38;2;126;132;80m+[38;2;122;127;86m+[38;2;120;126;84m+[38;2;116;125;80m+[38;2;113;124;82m+[38;2;117;129;78m+[38;2;108;113;94m+[38;2;98;98;107m+[38;2;113;123;88m+[38;2;114;126;85m+[38;2;112;121;87m+[38;2;115;121;88m+[38;2;114;122;90m+[38;2;101;108;98m+[38;2;96;99;105m+[38;2;88;90;111m=[0m
[38;2;72;72;122m=[38;2;71;71;122m=[38;2;70;70;122m=[38;2;71;71;122m=[38;2;73;75;121m=[38;2;74;75;120m=[38;2;78;81;116m=[38;2;85;92;109m=[38;2;90;98;104m=[38;2;90;96;109m=[38;2;81;86;117m=[38;2;74;75;123m=[38;2;72;72;125m=[38;2;71;71;124m=[38;2;76;76;129m=[38;2;82;82;134m=[38;2;90;93;132m=[38;2;91;102;115m+[38;2;108;124;104m+[38;2;117;135;94m+[38;2;104;122;73m+[38;2;96;112;69m+[38;2;92;115;63m+[38;2;101;124;66m+[38;2;102;125;66m+[38;2;99;123;65m+[38;2;98;123;63m+[38;2;102;118;69m+[38;2;101;114;70m+[38;2;96;110;70m+[38;2;99;111;72m+[38;2;101;116;69m+[38;2;106;116;69m+[38;2;98;108;77m+[38;2;90;98;88m=[38;2;91;95;91m=[38;2;83;84;103m=[38;2;80;81;110m=[38;2;71;71;122m=[38;2;86;86;107m=[38;2;121;121;76m+[38;2;126;125;74m+[38;2;124;124;76m+[38;2;104;109;78m+[38;2;117;119;78m+[38;2;122;122;84m+[38;2;85;90;98m=[38;2;76;78;113m=[38;2;72;70;123m=[38;2;72;71;123m=[38;2;65;65;118m=[38;2;63;63;107m=[38;2;63;63;110m=[38;2;63;63;114m=[38;2;71;71;121m=[38;2;76;76;124m==[38;2;75;75;123m=[38;2;74;74;124m=[38;2;74;74;122m=[38;2;73;73;123m=[38;2;70;70;123m=[38;2;68;68;122m=[38;2;68;68;120m=[38;2;71;71;122m=[38;2;72;71;122m=[38;2;80;86;110m=[38;2;90;101;96m+[38;2;104;118;83m+[38;2;88;96;104m=[38;2;70;68;124m=[38;2;68;68;123m=[38;2;82;85;110m=[38;2;95;110;87m+[38;2;90;104;89m+[38;2;89;106;80m+[38;2;84;94;94m=[38;2;79;83;112m=[38;2;92;110;85m+[38;2;101;126;70m+[38;2;99;125;67m+[38;2;98;125;65m+[38;2;96;122;63m+[38;2;98;126;60m+[38;2;103;130;64m+[38;2;102;130;64m+[38;2;101;129;64m+[38;2;101;130;65m+[38;2;102;130;67m+[38;2;106;132;67m+[38;2;108;134;68m+[38;2;107;133;68m+[38;2;95;126;61m+[38;2;97;127;61m+[38;2;103;132;63m+[38;2;105;129;65m+[38;2;105;130;65m+[38;2;105;131;65m+[38;2;109;131;68m+[38;2;108;132;68m+[38;2;107;132;66m+[38;2;103;127;63m+[38;2;103;126;65m+[38;2;100;127;63m+[38;2;95;123;62m+[38;2;93;120;64m+[38;2;85;114;58m+[38;2;92;118;62m+[38;2;94;121;62m+[38;2;94;120;65m+[38;2;93;119;61m+[38;2;95;119;63m+[38;2;100;117;73m+[38;2;110;125;69m+[38;2;107;124;68m+[38;2;107;125;66m+[38;2;110;127;68m+[38;2;107;128;64m+[38;2;106;127;62m+[38;2;104;125;64m+[38;2;105;125;65m+[38;2;104;125;65m+[38;2;102;125;67m+[38;2;96;111;84m+[38;2;86;92;102m=[38;2;74;77;115m=[38;2;72;74;119m=[38;2;72;74;118m=[38;2;74;74;119m=[38;2;74;73;120m=[38;2;80;89;107m=[38;2;98;122;75m+[38;2;100;125;79m+[38;2;78;88;108m=[38;2;71;69;124m=[38;2;69;70;124m=[38;2;70;68;124m=[38;2;69;68;124m=[38;2;68;68;124m=[38;2;69;69;124m=[0m
[38;2;73;74;121m=[38;2;74;75;121m=[38;2;74;74;122m=[38;2;72;73;122m=[38;2;74;75;121m=[38;2;74;74;121m=[38;2;73;73;121m=[38;2;72;71;122m=[38;2;71;69;124m=[38;2;69;68;124m=[38;2;70;70;122m=[38;2;71;71;122m=[38;2;72;72;121m=[38;2;72;72;122m=[38;2;71;71;120m=[38;2;70;70;119m=[38;2;68;68;120m=[38;2;68;68;122m=[38;2;69;72;116m=[38;2;77;81;116m=[38;2;93;106;96m+[38;2;104;116;86m+[38;2;96;112;72m+[38;2;102;118;74m+[38;2;104;118;76m+[38;2;115;132;75m+[38;2;165;165;106m*[38;2;169;164;108m*[38;2;150;154;98m*[38;2;133;147;84m+[38;2;110;137;71m+[38;2;103;133;68m+[38;2;103;124;68m+[38;2;94;112;64m+[38;2;93;111;63m+[38;2;92;109;68m+[38;2;98;114;63m+[38;2;104;121;58m+[38;2;95;108;77m+[38;2;100;112;72m+[38;2;98;114;66m+[38;2;96;110;68m+[38;2;98;112;66m+[38;2;99;113;66m+[38;2;92;104;73m+[38;2;92;102;77m+[38;2;89;102;80m+[38;2;92;107;76m+[38;2;83;92;97m=[38;2;72;73;120m=[38;2;74;74;122m=[38;2;76;76;124m=[38;2;75;74;125m=[38;2;74;74;124m=[38;2;73;73;123m=[38;2;72;72;122m=======[38;2;73;73;121m==[38;2;72;72;122m==[38;2;88;101;99m+[38;2;81;92;106m=[38;2;93;110;93m+[38;2;118;137;81m+[38;2;103;112;100m+[38;2;104;117;94m+[38;2;107;130;76m+[38;2;114;138;69m+[38;2;111;134;72m+[38;2;107;128;73m+[38;2;113;135;72m+[38;2;117;140;70m+[38;2;117;144;64m+[38;2;114;138;67m+[38;2;113;139;66m+[38;2;118;144;64m+[38;2;121;149;67m+[38;2;120;146;70m+[38;2;126;150;71m+[38;2;124;146;75m+[38;2;127;145;80m+[38;2;132;146;84m+[38;2;151;154;96m*[38;2;149;154;89m*[38;2;141;147;89m+[38;2;139;146;87m+[38;2;137;144;84m+[38;2;158;155;99m*[38;2;162;158;105m*[38;2;160;156;103m*[38;2;156;153;99m*[38;2;152;152;94m+[38;2;154;153;95m*[38;2;160;156;102m*[38;2;162;159;107m*[38;2;141;153;92m+[38;2;118;143;73m+[38;2;109;133;70m+[38;2;119;131;79m+[38;2;142;145;96m+[38;2;146;149;96m+[38;2;123;133;78m+[38;2;119;129;76m+[38;2;110;128;70m+[38;2;105;127;70m+[38;2;102;121;76m+[38;2;95;114;68m+[38;2;107;128;67m+[38;2;129;142;83m+[38;2;136;145;88m+[38;2;113;137;70m+[38;2;95;127;57m+[38;2;101;134;62m+[38;2;106;137;65m+[38;2;102;131;65m+[38;2;94;122;63m+[38;2;100;126;65m+[38;2;97;124;65m+[38;2;90;106;83m+[38;2;84;95;96m=[38;2;72;72;122m=[38;2;72;71;123m=[38;2;72;72;122m=[38;2;70;68;125m=[38;2;80;89;108m=[38;2;88;102;94m+[38;2;73;74;119m=[38;2;72;70;123m=[38;2;73;73;121m===[38;2;74;74;121m=[38;2;73;73;121m=[38;2;74;75;121m=[0m
[38;2;72;72;122m====[38;2;72;71;122m=[38;2;72;72;122m===[38;2;73;73;121m==[38;2;72;73;122m=[38;2;72;72;122m=====[38;2;73;73;121m==[38;2;73;72;123m=[38;2;72;70;122m=[38;2;70;67;124m=[38;2;75;86;102m=[38;2;102;120;73m+[38;2;153;144;102m+[38;2;124;131;80m+[38;2;120;124;79m+[38;2;157;150;100m*[38;2;179;166;117m*[38;2;195;179;126m*[38;2;162;161;102m*[38;2;141;153;88m+[38;2;130;150;82m+[38;2;117;142;76m+[38;2;107;131;68m+[38;2;101;125;69m+[38;2;91;109;85m+[38;2;85;99;94m=[38;2;92;114;77m+[38;2;95;114;77m+[38;2;97;123;65m++[38;2;101;131;58m+[38;2;96;126;62m+[38;2;88;114;74m+[38;2;87;108;81m+[38;2;79;88;105m=[38;2;73;76;117m=[38;2;77;81;112m=[38;2;82;89;102m=[38;2;76;78;114m=[38;2;71;71;123m=[38;2;72;72;122m===============[38;2;70;68;123m=[38;2;71;71;121m=[38;2;76;78;117m=[38;2;109;121;92m+[38;2;136;159;69m+[38;2;125;151;70m+[38;2;117;137;74m+[38;2;111;128;80m+[38;2;117;134;74m+[38;2;101;119;76m+[38;2;114;137;72m+[38;2;123;145;73m+[38;2;115;140;71m+[38;2;111;139;65m+[38;2;129;149;79m+[38;2;105;120;98m+[38;2;91;103;102m+[38;2;101;116;96m+[38;2;92;109;96m+[38;2;114;136;82m+[38;2;129;150;85m+[38;2;163;163;106m*[38;2;150;141;115m+[38;2;130;142;119m+[38;2;208;210;147m#[38;2;250;223;165m#[38;2;227;211;159m#[38;2;215;206;148m#[38;2;255;231;170m#[38;2;242;211;154m#[38;2;237;203;148m#[38;2;227;193;138m#[38;2;200;185;132m*[38;2;201;189;136m*[38;2;181;171;123m*[38;2;154;156;102m*[38;2;151;154;99m*[38;2;190;180;124m*[38;2;215;192;137m*[38;2;204;181;134m*[38;2;231;200;150m#[38;2;223;195;148m#[38;2;210;188;141m*[38;2;201;186;135m*[38;2;209;188;140m*[38;2;215;191;140m*[38;2;218;193;138m#[38;2;225;196;145m#[38;2;218;190;143m*[38;2;196;178;135m*[38;2;151;160;97m*[38;2;152;163;97m*[38;2;141;156;89m*[38;2;106;136;66m+[38;2;102;136;61m+[38;2;108;141;64m+[38;2;97;126;63m+[38;2;83;100;85m=[38;2;74;79;114m=[38;2;81;97;96m=[38;2;75;78;116m=[38;2;73;74;120m==[38;2;73;73;121m=[38;2;72;70;123m=[38;2;70;67;127m=[38;2;72;71;122m=[38;2;72;72;122m=======[0m
[38;2;72;72;122m===================[38;2;72;73;120m=[38;2;72;71;125m=[38;2;75;82;105m=[38;2;129;132;78m+[38;2;190;169;123m*[38;2;195;172;127m*[38;2;191;175;129m*[38;2;172;163;115m*[38;2;191;173;122m*[38;2;162;155;103m*[38;2;165;162;109m*[38;2;166;165;109m*[38;2;144;153;92m+[38;2;122;144;80m+[38;2;116;142;75m+[38;2;115;143;68m+[38;2;110;135;72m+[38;2;107;130;75m+[38;2;113;137;75m+[38;2;101;124;79m+[38;2;103;131;65m+[38;2;105;131;66m+[38;2;91;109;84m+[38;2;79;89;105m=[38;2;72;72;122m=[38;2;74;75;119m==[38;2;72;73;120m=[38;2;72;70;123m=[38;2;71;69;125m=[38;2;71;71;123m=[38;2;72;72;122m==============[38;2;73;73;121m=[38;2;69;69;125m=[38;2;101;103;101m+[38;2;151;150;88m+[38;2;159;149;105m*[38;2;153;148;102m+[38;2;93;103;96m+[38;2;66;72;109m=[38;2;64;65;112m=[38;2;77;78;106m=[38;2;88;91;109m=[38;2;107;108;108m+[38;2;104;105;111m+[38;2;100;109;101m+[38;2;128;142;80m+[38;2;112;122;94m+[38;2;132;139;96m+[38;2;119;119;109m+[38;2;139;133;117m+[38;2;144;139;111m+[38;2;109;108;105m+[38;2;104;110;96m+[38;2;122;136;79m+[38;2;143;152;88m+[38;2;136;142;96m+[38;2;65;71;113m=[38;2;146;151;156m*[38;2;255;255;211m%[38;2;255;243;190m%[38;2;255;231;165m#[38;2;255;243;178m%[38;2;254;220;164m#[38;2;214;191;129m*[38;2;182;168;113m*[38;2;178;169;118m*[38;2;189;174;123m*[38;2;203;187;136m*[38;2;227;209;151m#[38;2;237;216;158m#[38;2;244;220;165m#[38;2;255;230;185m#[38;2;255;230;190m#[38;2;251;224;182m#[38;2;248;219;178m#[38;2;244;214;171m#[38;2;255;224;175m#[38;2;255;230;177m%[38;2;255;232;176m%[38;2;255;220;165m#[38;2;231;199;150m#[38;2;192;179;125m*[38;2;139;155;88m+[38;2;130;146;93m+[38;2;127;139;98m+[38;2;107;130;75m+[38;2;101;129;62m+[38;2;83;97;97m=[38;2;76;80;115m=[38;2;73;75;116m=[38;2;70;67;128m=[38;2;83;99;96m=[38;2;82;94;100m=[38;2;74;76;118m=[38;2;72;72;122m====[38;2;73;73;120m=[38;2;72;72;122m========[0m
[38;2;72;72;122m====================[38;2;73;72;122m=[38;2;70;70;122m=[38;2;99;97;111m+[38;2;152;143;110m+[38;2;221;194;146m#[38;2;229;198;147m#[38;2;213;177;133m*[38;2;212;178;136m*[38;2;167;154;111m*[38;2;181;166;122m*[38;2;180;170;113m*[38;2;168;162;98m*[38;2;138;153;80m+[38;2;114;140;65m+[38;2;115;141;66m+[38;2;115;144;63m+[38;2;112;145;56m+[38;2;107;138;57m+[38;2;105;134;58m+[38;2;103;132;66m+[38;2;82;97;98m=[38;2;69;66;128m=[38;2;72;70;125m=[38;2;72;72;122m=[38;2;72;71;123m=[38;2;72;71;122m=[38;2;72;72;122m==[38;2;72;73;122m=[38;2;72;72;122m==========[38;2;72;73;122m=[38;2;72;72;122m===[38;2;73;73;123m=[38;2;75;75;122m=[38;2;66;67;121m=[38;2;83;83;118m=[38;2;143;132;108m+[38;2;176;156;121m*[38;2;180;148;138m*[38;2;179;146;142m*[38;2;200;170;149m*[38;2;195;182;157m*[38;2;209;192;156m*[38;2;104;98;132m+[38;2;77;77;116m=[38;2;63;65;116m=[38;2;63;63;115m=[38;2;87;84;111m=[38;2;69;66;116m=[38;2;72;71;110m=[38;2;99;99;106m+[38;2;127;119;118m+[38;2;139;130;116m+[38;2;229;204;140m#[38;2;255;227;157m#[38;2;248;217;153m#[38;2;222;194;139m#[38;2;221;191;130m*[38;2;185;163;130m*[38;2;171;160;140m*[38;2;254;224;174m#[38;2;255;218;169m#[38;2;255;223;166m#[38;2;255;217;159m#[38;2;246;212;156m#[38;2;221;194;141m#[38;2;174;162;117m*[38;2;153;150;106m+[38;2;178;169;132m*[38;2;241;212;171m#[38;2;255;230;181m#[38;2;255;228;178m#[38;2;255;224;173m#[38;2;248;214;163m#[38;2;244;211;158m#[38;2;238;209;151m#[38;2;214;192;133m*[38;2;178;170;112m*[38;2;150;156;94m*[38;2;195;178;123m*[38;2;181;169;116m*[38;2;153;155;99m*[38;2;135;145;86m+[38;2;115;144;69m+[38;2;123;152;70m+[38;2;106;133;85m+[38;2;74;81;115m=[38;2;74;77;116m=[38;2;96;119;81m+[38;2;79;85;109m=[38;2;77;83;110m=[38;2;81;90;105m=[38;2;87;101;94m+[38;2;90;104;93m+[38;2;72;70;123m=[38;2;71;71;123m=[38;2;72;72;122m=============[0m
[38;2;72;72;122m======================[38;2;68;70;124m=[38;2;66;67;121m=[38;2;108;102;123m+[38;2;191;168;148m*[38;2;190;169;132m*[38;2;165;159;101m*[38;2;224;190;142m#[38;2;235;197;149m#[38;2;203;178;130m*[38;2;172;164;105m*[38;2;133;145;80m+[38;2;96;114;78m+[38;2;101;124;75m+[38;2;93;112;81m+[38;2;95;109;87m+[38;2;107;126;74m+[38;2;100;112;88m+[38;2;71;68;120m=[38;2;72;68;121m=[38;2;73;73;120m==[38;2;72;72;122m===================[38;2;73;73;121m=[38;2;70;70;119m=[38;2;64;64;117m=[38;2;88;83;123m=[38;2;198;163;146m*[38;2;250;207;160m#[38;2;255;226;171m#[38;2;255;251;179m%[38;2;255;255;182m%[38;2;255;255;188m%[38;2;255;255;200m@[38;2;255;255;192m@[38;2;255;239;177m%[38;2;255;218;174m#[38;2;194;176;161m*[38;2;185;181;172m*[38;2;255;245;204m%[38;2;233;227;194m#[38;2;203;198;184m#[38;2;176;170;159m*[38;2;157;153;149m*[38;2;193;175;159m*[38;2;255;251;187m%[38;2;255;255;194m%[38;2;255;255;196m%[38;2;255;255;197m%[38;2;255;233;179m#[38;2;193;173;141m*[38;2;255;214;162m#[38;2;252;217;174m#[38;2;249;216;177m#[38;2;255;234;194m%[38;2;255;246;194m%[38;2;255;239;180m%[38;2;250;224;168m#[38;2;236;220;157m#[38;2;204;200;129m#[38;2;146;163;92m*[38;2;153;160;101m*[38;2;177;170;117m*[38;2;195;180;126m*[38;2;201;179;125m*[38;2;197;175;122m*[38;2;175;163;110m*[38;2;149;150;103m+[38;2;140;147;99m+[38;2;132;136;85m+[38;2;110;126;69m+[38;2;102;128;63m+[38;2;106;131;63m+[38;2;98;127;58m+[38;2;111;141;65m+[38;2;122;151;70m+[38;2;113;146;66m+[38;2;119;151;62m+[38;2;103;114;106m+[38;2;68;67;124m=[38;2;71;71;123m=[38;2;77;86;111m=[38;2;78;86;109m=[38;2;75;77;117m=[38;2;73;74;120m=[38;2;71;69;125m=[38;2;72;72;122m===============[0m
[38;2;72;72;122m======================[38;2;73;73;121m=[38;2;74;73;123m=[38;2;65;66;120m=[38;2;84;82;123m=[38;2;122;112;128m+[38;2;104;109;103m+[38;2;121;128;85m+[38;2;206;182;127m*[38;2;214;189;138m*[38;2;172;167;113m*[38;2;85;86;119m=[38;2;67;64;128m=[38;2;70;66;127m=[38;2;69;66;127m=[38;2;70;67;125m=[38;2;77;84;116m=[38;2;94;114;100m+[38;2;73;120;140m+[38;2;72;91;128m=[38;2;72;70;122m=[38;2;70;70;123m=[38;2;71;71;122m=[38;2;72;71;122m=[38;2;72;72;122m================[38;2;73;73;121m=[38;2;71;71;121m=[38;2;84;84;125m=[38;2;205;193;173m#[38;2;255;250;194m%[38;2;255;255;197m%[38;2;255;249;186m%[38;2;255;236;174m%[38;2;255;255;198m@[38;2;255;251;187m%[38;2;255;242;186m%[38;2;255;241;182m%[38;2;255;238;176m%[38;2;255;246;170m%[38;2;255;255;187m%[38;2;255;255;202m%[38;2;255;255;217m@@[38;2;255;255;203m@[38;2;255;255;209m@[38;2;255;255;216m@[38;2;255;255;202m%[38;2;179;157;149m*[38;2;170;152;148m*[38;2;255;228;176m#[38;2;255;245;192m%[38;2;255;255;192m%[38;2;255;255;209m%[38;2;199;211;186m#[38;2;155;155;147m*[38;2;203;184;154m*[38;2;185;169;154m*[38;2;176;167;167m*[38;2;178;167;166m*[38;2;176;164;162m*[38;2;227;215;158m#[38;2;255;249;166m%[38;2;227;217;152m#[38;2;195;190;125m*[38;2;174;180;102m*[38;2;153;172;92m*[38;2;172;182;114m*[38;2;180;185;110m*[38;2;161;174;91m*[38;2;133;157;80m+[38;2;128;153;85m+[38;2;132;155;93m+[38;2;124;144;83m+[38;2;122;135;78m+[38;2;123;144;75m+[38;2;120;151;64m+[38;2;113;146;61m+[38;2;112;143;61m+[38;2;107;139;61m+[38;2;101;130;68m+[38;2;90;114;89m+[38;2;77;83;114m=[38;2;71;71;123m=[38;2;73;74;121m=[38;2;71;71;123m=[38;2;72;69;125m=[38;2;71;71;123m=[38;2;72;72;122m=[38;2;72;73;122m=[38;2;72;72;122m===============[0m
[38;2;72;72;122m========[38;2;74;74;121m=[38;2;77;77;119m=[38;2;72;72;122m==============[38;2;74;74;122m=[38;2;69;69;121m=[38;2;72;72;122m=[38;2;74;71;127m=[38;2;69;76;114m=[38;2;109;124;84m+[38;2;148;151;91m+[38;2;133;147;77m+[38;2;93;104;99m+[38;2;77;83;113m=[38;2;84;101;101m+[38;2;92;119;83m+[38;2;70;72;122m=[38;2;72;77;121m=[38;2;75;87;117m=[38;2;83;112;116m+[38;2;82;102;114m+[38;2;82;87;117m=[38;2;86;94;111m=[38;2;75;77;118m=[38;2;75;76;120m=[38;2;73;74;121m=[38;2;73;73;121m=[38;2;72;72;122m==============[38;2;76;75;123m=[38;2;63;63;115m=[38;2;165;159;158m*[38;2;255;255;206m@[38;2;255;255;201m%[38;2;255;255;202m@[38;2;255;255;194m%[38;2;255;255;200m%[38;2;255;255;201m@[38;2;255;255;192m%[38;2;255;255;200m%[38;2;255;255;191m%[38;2;255;255;197m%[38;2;255;255;208m@[38;2;255;255;205m@[38;2;255;255;200m%[38;2;255;240;179m%[38;2;255;255;176m%[38;2;255;255;183m%[38;2;255;255;193m%[38;2;255;255;197m%[38;2;255;255;192m%[38;2;255;249;195m%[38;2;148;134;150m+[38;2;135;125;141m+[38;2;255;227;179m#[38;2;255;255;198m%[38;2;255;255;207m@[38;2;255;255;229m@[38;2;255;255;204m@[38;2;255;255;214m%[38;2;196;181;170m*[38;2;68;68;116m=[38;2;63;63;116m==[38;2;81;83;122m=[38;2;123;123;125m+[38;2;173;167;114m*[38;2;193;171;113m*[38;2;172;167;107m*[38;2;179;178;108m*[38;2;176;170;117m*[38;2;136;138;113m+[38;2;98;107;110m+[38;2;84;96;105m=[38;2;128;145;92m+[38;2;158;175;85m*[38;2;124;153;76m+[38;2;125;155;82m++[38;2;98;115;95m+[38;2;99;118;97m+[38;2;92;107;102m+[38;2;80;86;113m=[38;2;74;75;121m=[38;2;76;78;120m=[38;2;77;81;115m=[38;2;72;70;123m=[38;2;72;72;122m=====================[0m
[38;2;72;72;122m=========[38;2;73;73;121m=[38;2;72;72;122m===============[38;2;73;73;121m=[38;2;72;72;122m=[38;2;72;72;121m=[38;2;72;72;123m=[38;2;70;71;122m=[38;2;70;78;110m=[38;2;86;93;105m=[38;2;93;103;99m+[38;2;86;100;99m+[38;2;100;125;74m+[38;2;99;126;76m+[38;2;100;118;88m+[38;2;86;98;107m=[38;2;68;65;128m=[38;2;71;67;121m=[38;2;70;66;122m=[38;2;75;75;122m=[38;2;81;81;119m=[38;2;70;70;123m=[38;2;68;68;124m=[38;2;69;69;124m=[38;2;72;71;123m=[38;2;72;72;122m=[38;2;72;73;120m=[38;2;73;73;120m=[38;2;72;72;122m==========[38;2;74;74;121m=[38;2;75;75;122m=[38;2;64;64;121m=[38;2;137;135;122m+[38;2;240;223;131m#[38;2;213;200;129m#[38;2;217;210;135m#[38;2;245;230;161m#[38;2;253;235;165m#[38;2;255;229;158m#[38;2;255;227;160m#[38;2;255;241;169m%[38;2;255;231;165m%[38;2;255;250;178m%[38;2;255;255;204m%[38;2;255;255;203m%[38;2;255;255;199m%[38;2;255;250;172m%[38;2;255;232;155m#[38;2;255;247;173m%[38;2;255;255;184m%[38;2;255;246;175m%[38;2;255;222;158m#[38;2;228;205;143m#[38;2;210;200;128m#[38;2;135;132;122m+[38;2;143;133;125m+[38;2;227;202;155m#[38;2;227;201;167m#[38;2;196;175;158m*[38;2;149;140;150m+[38;2;101;101;137m+[38;2;68;70;120m=[38;2;73;73;121m=[38;2;75;75;123m==[38;2;72;70;121m=[38;2;63;63;121m=[38;2;94;95;112m=[38;2;194;173;114m*[38;2;216;188;128m*[38;2;120;119;115m+[38;2;73;75;116m=[38;2;65;65;123m=[38;2;68;67;124m=[38;2;67;66;126m=[38;2;82;86;119m=[38;2;103;110;110m+[38;2;121;144;82m+[38;2;136;154;80m+[38;2;147;164;76m*[38;2;118;142;78m+[38;2;82;91;108m=[38;2;68;66;127m=[38;2;71;71;122m=[38;2;70;67;124m=[38;2;84;91;108m=[38;2;89;105;97m+[38;2;70;70;122m=[38;2;72;71;123m=[38;2;72;72;122m====================[0m
[38;2;72;72;122m==============================[38;2;72;71;124m=[38;2;70;68;125m=[38;2;69;66;126m=[38;2;70;68;125m=[38;2;71;69;125m=[38;2;72;71;122m=[38;2;93;106;100m+[38;2;95;115;97m+[38;2;79;85;114m=[38;2;80;86;117m=[38;2;91;105;103m+[38;2;105;123;86m+[38;2;119;132;95m+[38;2;107;123;88m+[38;2;105;115;98m+[38;2;107;115;95m+[38;2;80;91;102m=[38;2;72;71;123m=[38;2;71;69;125m=[38;2;71;68;126m=[38;2;70;70;122m=[38;2;73;73;120m=[38;2;72;73;122m=[38;2;72;72;122m=========[38;2;72;70;123m=[38;2;79;88;115m=[38;2;102;124;93m+[38;2;117;150;66m+[38;2;119;150;62m+[38;2;142;161;74m*[38;2;150;166;81m*[38;2;161;176;88m*[38;2;169;182;95m*[38;2;173;181;99m*[38;2;181;190;100m*[38;2;183;186;95m*[38;2;170;176;93m*[38;2;149;169;77m*[38;2;149;167;84m*[38;2;129;156;73m+[38;2;123;154;69m+[38;2;149;164;85m*[38;2;170;173;100m*[38;2;151;164;87m*[38;2;139;163;79m*[38;2;106;146;59m+[38;2;107;139;55m+[38;2;158;163;91m*[38;2;201;176;132m*[38;2;187;146;139m*[38;2;219;175;147m*[38;2;171;144;142m*[38;2;63;63;114m=[38;2;68;67;119m=[38;2;73;73;121m==[38;2;72;72;122m==[38;2;73;73;121m=[38;2;76;76;122m=[38;2;64;67;123m=[38;2;104;108;109m+[38;2;154;152;111m*[38;2;82;92;111m=[38;2;69;68;124m=[38;2;74;75;121m=[38;2;73;73;121m=[38;2;74;76;121m=[38;2;72;73;122m=[38;2;66;66;126m=[38;2;93;115;106m+[38;2;78;82;117m=[38;2;101;111;96m+[38;2;112;128;85m+[38;2;80;85;113m=[38;2;72;70;123m=[38;2;71;71;126m=[38;2;73;74;121m=[38;2;73;75;119m=[38;2;82;92;107m=[38;2;89;107;92m+[38;2;74;75;117m=[38;2;71;71;123m=[38;2;72;73;122m====[38;2;72;72;122m==[38;2;72;72;123m=[38;2;72;73;123m=[38;2;72;72;122m=====[38;2;72;73;123m===[38;2;72;72;122m===[0m
[38;2;72;72;122m===============================[38;2;73;73;121m===[38;2;72;72;122m==[38;2;69;66;126m=[38;2;72;72;121m=[38;2;73;74;117m=[38;2;87;95;116m=[38;2;128;152;76m+[38;2;124;143;66m+[38;2;125;145;65m+[38;2;123;143;65m+[38;2;113;136;62m+[38;2;114;136;62m+[38;2;118;137;65m+[38;2;99;118;76m+[38;2;88;106;81m+[38;2;87;101;91m+[38;2;80;80;118m=[38;2;70;67;127m=[38;2;71;69;125m=[38;2;71;71;123m=[38;2;72;71;122m=[38;2;73;73;121m=[38;2;72;73;122m=[38;2;72;72;122m=====[38;2;72;73;122m=[38;2;71;68;124m=[38;2;70;68;125m=[38;2;82;88;114m=[38;2;98;112;99m+[38;2;103;121;96m+[38;2;100;117;99m+[38;2;97;114;94m+[38;2;93;102;110m+[38;2;88;99;111m+[38;2;110;129;101m+[38;2;116;137;89m+[38;2;111;143;64m+[38;2;109;139;63m+[38;2;99;128;59m+[38;2;102;136;58m+[38;2;103;133;57m+[38;2;94;128;55m+[38;2;86;129;54m+[38;2;97;136;57m+[38;2;110;147;58m+[38;2;149;159;88m*[38;2;167;162;98m*[38;2;164;151;94m*[38;2;226;182;122m*[38;2;249;189;127m#[38;2;223;173;142m*[38;2;98;92;128m=[38;2;71;71;122m=[38;2;75;74;122m=[38;2;72;72;122m======[38;2;73;76;122m=[38;2;70;68;123m=[38;2;69;73;120m=[38;2;83;89;110m=[38;2;73;72;122m=[38;2;72;72;122m===[38;2;73;74;122m=[38;2;79;88;106m=[38;2;86;100;99m+[38;2;91;113;84m+[38;2;71;74;118m=[38;2;67;64;128m=[38;2;71;71;122m=[38;2;75;77;117m=[38;2;78;90;97m=[38;2;86;109;79m+[38;2;74;77;119m=[38;2;72;72;122m=[38;2;81;91;105m=[38;2;75;77;117m=[38;2;71;71;123m=[38;2;72;70;125m=[38;2;71;71;124m=[38;2;72;70;125m=[38;2;71;71;123m=[38;2;72;72;122m=[38;2;72;73;122m==[38;2;72;72;122m========[38;2;72;73;123m=[38;2;72;72;122m===[0m
[38;2;72;72;122m==================================[38;2;74;74;119m=[38;2;73;73;121m=[38;2;74;74;121m=[38;2;69;68;121m=[38;2;90;94;126m=[38;2;124;142;97m+[38;2;109;129;66m+[38;2;103;126;63m+[38;2;97;121;62m+[38;2;90;118;63m+[38;2;88;115;63m+[38;2;91;117;62m+[38;2;102;124;65m+[38;2;98;122;61m+[38;2;101;125;59m+[38;2;101;128;57m+[38;2;115;130;71m+[38;2;92;104;94m+[38;2;78;88;108m=[38;2;75;77;118m=[38;2;71;75;120m=[38;2;66;66;125m=[38;2;71;69;124m=[38;2;72;73;122m=[38;2;72;72;122m=====[38;2;73;73;121m==[38;2;71;69;124m=[38;2;70;67;125m=[38;2;69;66;126m=[38;2;69;65;126m=[38;2;69;66;126m=[38;2;69;67;124m=[38;2;70;68;123m=[38;2;67;64;128m=[38;2;83;89;106m=[38;2;118;138;63m+[38;2;117;134;70m+[38;2;99;121;64m+[38;2;95;120;60m+[38;2;97;121;61m+[38;2;95;119;61m+[38;2;85;110;64m+[38;2;106;127;66m+[38;2;107;123;83m+[38;2;137;141;91m+[38;2;191;163;111m*[38;2;209;169;116m*[38;2;126;121;98m+[38;2;85;86;115m=[38;2;62;66;120m=[38;2;66;68;121m=[38;2;73;73;121m=[38;2;72;72;122m=======[38;2;72;73;122m=[38;2;73;73;121m=[38;2;72;72;122m=[38;2;71;69;124m=[38;2;72;72;122m====[38;2;72;71;122m=[38;2;74;76;120m=[38;2;81;95;101m=[38;2;102;130;63m+[38;2;95;125;81m+[38;2;70;80;127m=[38;2;79;94;100m=[38;2;94;123;65m+[38;2;96;127;55m+[38;2;89;112;81m+[38;2;77;87;105m=[38;2;80;90;102m=[38;2;71;72;121m=[38;2;73;80;112m=[38;2;74;80;113m=[38;2;78;88;104m=[38;2;75;80;110m=[38;2;76;82;109m=[38;2;74;77;116m=[38;2;71;71;121m=[38;2;71;69;124m=[38;2;72;70;123m=[38;2;72;72;122m=[38;2;72;73;120m=[38;2;72;71;122m==[38;2;72;72;122m=====[38;2;72;73;123m=[38;2;72;72;122m==[0m
[38;2;72;72;122m====================================[38;2;73;73;121m=[38;2;67;67;122m=[38;2;113;114;121m+[38;2;129;141;77m+[38;2;84;115;55m+[38;2;87;117;61m+[38;2;87;116;63m+[38;2;90;117;63m+[38;2;89;118;62m+[38;2;88;116;63m+[38;2;86;114;62m+[38;2;88;116;61m+[38;2;93;120;61m+[38;2;95;124;60m+[38;2;103;132;60m+[38;2;118;141;62m+[38;2;113;134;64m+[38;2;115;130;74m+[38;2;129;135;88m+[38;2;127;129;103m+[38;2;86;90;113m=[38;2;69;69;124m=[38;2;73;73;121m=[38;2;72;72;122m======[38;2;73;73;121m===[38;2;73;74;121m=[38;2;73;73;121m===[38;2;73;74;121m=[38;2;72;73;120m=[38;2;93;99;98m+[38;2;126;137;72m+[38;2;121;132;71m+[38;2;118;129;70m+[38;2;103;121;65m+[38;2;117;128;73m+[38;2;112;125;70m+[38;2;111;121;75m+[38;2;137;136;91m+[38;2;162;147;97m+[38;2;143;142;78m+[38;2;92;99;103m+[38;2;63;64;125m=[38;2;70;70;122m=[38;2;74;73;123m=[38;2;72;72;123m=[38;2;72;72;122m===========[38;2;72;73;122m=[38;2;72;72;122m=====[38;2;72;71;122m=[38;2;71;69;125m=[38;2;76;79;113m=[38;2;91;110;88m+[38;2;82;111;109m+[38;2;78;85;111m=[38;2;87;97;101m=[38;2;82;92;104m=[38;2;74;77;118m=[38;2;81;91;103m=[38;2;81;92;103m=[38;2;76;77;118m=[38;2;76;78;115m=[38;2;73;75;117m=[38;2;73;80;109m=[38;2;73;84;106m=[38;2;94;112;90m+[38;2;108;135;72m+[38;2;100;122;79m+[38;2;89;104;90m+[38;2;77;83;111m=[38;2;75;81;112m=[38;2;74;77;116m=[38;2;73;75;119m=[38;2;73;74;120m=[38;2;72;73;120m=[38;2;72;72;122m=======[0m
[38;2;72;72;122m=====================================[38;2;73;73;121m=[38;2;69;69;124m=[38;2;107;102;119m+[38;2;135;138;84m+[38;2;100;123;60m+[38;2;90;116;59m+[38;2;88;117;59m+[38;2;96;121;61m+[38;2;97;123;62m+[38;2;94;120;62m+[38;2;100;125;65m+[38;2;101;127;64m+[38;2;97;123;64m+[38;2;118;133;73m+[38;2;138;139;85m+[38;2;135;134;86m+[38;2;147;137;93m+[38;2;156;146;87m+[38;2;126;136;86m+[38;2;79;85;114m=[38;2;72;70;123m=[38;2;72;72;122m===============[38;2;72;72;123m=[38;2;66;68;124m=[38;2;109;119;84m+[38;2;125;128;70m+[38;2;122;125;74m+[38;2;128;126;78m+[38;2;123;124;74m+[38;2;124;127;73m+[38;2;119;124;75m+[38;2;134;132;82m+[38;2;125;124;84m+[38;2;126;137;68m+[38;2;103;111;93m+[38;2;72;70;123m=[38;2;69;69;123m=[38;2;68;71;121m=[38;2;77;77;119m=[38;2;71;71;122m=[38;2;72;72;122m=================[38;2;72;73;122m=[38;2;72;70;123m=[38;2;70;67;127m=[38;2;74;74;118m=[38;2;77;79;115m=[38;2;78;81;115m=[38;2;75;76;120m=[38;2;76;77;117m=[38;2;79;80;117m=[38;2;72;72;119m=[38;2;72;77;114m=[38;2;66;69;121m=[38;2;71;79;120m=[38;2;88;96;117m=[38;2;81;87;119m=[38;2;68;75;122m=[38;2;78;86;110m=[38;2;87;120;105m+[38;2;76;83;116m=[38;2;80;89;102m=[38;2;74;79;115m=[38;2;72;73;122m=[38;2;73;74;120m=[38;2;73;75;119m=[38;2;74;77;117m=[38;2;72;72;122m=[38;2;72;73;122m=[38;2;72;72;122m====[38;2;72;71;123m=[0m
[38;2;72;73;122m=[38;2;72;72;122m=[38;2;72;73;122m==[38;2;72;72;122m========[38;2;72;73;123m==[38;2;72;72;122m=========================[38;2;66;68;123m=[38;2;112;103;126m+[38;2;142;131;113m+[38;2;165;149;108m*[38;2;134;135;85m+[38;2;113;128;71m+[38;2;105;127;65m+[38;2;108;127;65m+[38;2;120;132;74m+[38;2;130;136;84m+[38;2;139;140;90m+[38;2;141;141;91m+[38;2;147;142;93m+[38;2;154;143;99m+[38;2;149;139;89m+[38;2;116;130;79m+[38;2;64;69;122m=[38;2;71;69;124m=[38;2;72;73;122m=[38;2;72;72;122m==============[38;2;74;73;123m=[38;2;65;66;120m=[38;2;121;112;127m+[38;2;172;160;105m*[38;2;148;142;99m+[38;2;145;141;94m+[38;2;147;140;98m+[38;2;142;137;90m+[38;2;136;130;86m+[38;2;139;134;86m+[38;2;141;136;88m+[38;2;122;127;80m+[38;2;122;129;75m+[38;2;107;111;97m+[38;2;68;71;122m=[38;2;94;92;114m=[38;2;131;123;96m+[38;2;89;96;100m=[38;2;70;68;125m=[38;2;73;73;121m=[38;2;72;72;122m==================[38;2;73;73;120m=[38;2;71;71;123m=[38;2;72;70;123m==[38;2;65;68;122m=[38;2;63;66;123m=[38;2;63;65;123m=[38;2;78;85;120m=[38;2;121;121;115m+[38;2;148;135;113m+[38;2;155;143;106m+[38;2;173;153;100m*[38;2;154;147;100m+[38;2;105;110;117m+[38;2;89;101;125m+[38;2;142;138;99m+[38;2;95;98;110m+[38;2;63;64;127m=[38;2;71;69;124m=[38;2;73;73;121m=[38;2;72;72;122m=[38;2;72;71;122m=[38;2;72;72;122m==[38;2;72;74;121m=[38;2;73;76;120m=[38;2;72;72;122m==[38;2;72;73;122m=[38;2;73;78;117m=[0m
[38;2;72;73;122m=[38;2;72;72;122m======================================[38;2;73;73;121m=[38;2;67;69;122m=[38;2;63;63;122m=[38;2;133;118;137m+[38;2;253;204;153m#[38;2;181;158;114m*[38;2;124;129;80m+[38;2;120;132;73m+[38;2;111;130;71m+[38;2;133;140;85m+[38;2;145;147;92m+[38;2;143;146;90m+[38;2;143;145;85m+[38;2;136;135;88m+[38;2;124;129;86m+[38;2;90;97;108m=[38;2;70;70;123m=[38;2;73;73;121m=[38;2;72;72;122m===============[38;2;73;73;121m=[38;2;70;70;121m=[38;2;88;83;123m=[38;2;202;172;139m*[38;2;198;175;127m*[38;2;192;167;127m*[38;2;188;170;126m*[38;2;183;168;121m*[38;2;166;152;112m*[38;2;159;144;108m+[38;2;150;143;94m+[38;2;113;124;84m+[38;2;73;75;119m=[38;2;69;69;124m=[38;2;73;75;120m=[38;2;166;147;100m+[38;2;137;130;89m+[38;2;67;72;118m=[38;2;73;72;123m=[38;2;73;73;120m=[38;2;73;73;121m=[38;2;72;72;122m===================[38;2;73;72;122m=[38;2;71;71;122m=[38;2;105;93;121m+[38;2;132;114;118m+[38;2;147;124;118m+[38;2;203;157;121m*[38;2;228;173;121m*[38;2;218;166;119m*[38;2;207;162;116m*[38;2;197;158;118m*[38;2;194;155;112m*[38;2;211;168;111m*[38;2;209;176;118m*[38;2;206;171;118m*[38;2;170;151;107m*[38;2;121;119;107m+[38;2;79;88;118m=[38;2;69;69;124m=[38;2;73;72;122m=[38;2;72;72;122m==[38;2;73;74;121m=[38;2;75;78;117m=[38;2;72;74;120m=[38;2;72;72;122m==[38;2;72;73;122m=[38;2;73;76;118m=[0m
[38;2;72;72;122m========================================[38;2;76;75;122m=[38;2;64;65;119m=[38;2;143;125;131m+[38;2;235;191;154m#[38;2;160;148;106m+[38;2;117;128;77m+[38;2;121;132;81m+[38;2;115;130;77m+[38;2;119;132;77m+[38;2;124;137;77m+[38;2;113;128;70m+[38;2;86;95;99m=[38;2;76;77;117m=[38;2;73;74;121m=[38;2;71;69;124m=[38;2;72;72;122m==================[38;2;75;75;122m=[38;2;63;63;119m=[38;2;117;105;131m+[38;2;239;194;144m#[38;2;234;186;140m*[38;2;233;190;141m#[38;2;184;165;123m*[38;2;174;153;115m*[38;2;168;149;104m*[38;2;127;130;95m+[38;2;86;87;115m=[38;2;72;70;123m=[38;2;72;72;122m=[38;2;75;75;121m=[38;2;114;104;115m+[38;2;81;82;116m=[38;2;69;69;124m=[38;2;72;73;122m=[38;2;72;72;122m=====================[38;2;73;72;122m=[38;2;67;71;121m=[38;2;175;141;117m+[38;2;229;170;123m*[38;2;201;151;113m*[38;2;214;154;115m*[38;2;210;152;114m**[38;2;211;154;114m*[38;2;205;151;111m*[38;2;224;165;123m*[38;2;255;200;148m#[38;2;255;203;146m#[38;2;226;176;131m*[38;2;190;157;120m*[38;2;166;148;108m*[38;2;152;144;103m+[38;2;92;97;103m=[38;2;69;69;124m=[38;2;73;73;121m=[38;2;72;72;122m==[38;2;73;73;121m=[38;2;72;72;122m====[38;2;72;71;122m=[0m
[38;2;72;72;122m========================================[38;2;73;73;123m=[38;2;66;67;120m=[38;2;158;145;129m+[38;2;187;164;127m*[38;2;148;141;100m+[38;2;143;145;97m+[38;2;132;141;88m+[38;2;136;141;86m+[38;2;137;144;84m+[38;2;118;128;85m+[38;2;88;91;106m=[38;2;69;69;124m=[38;2;71;71;123m=[38;2;72;72;122m=[38;2;73;73;121m=[38;2;72;72;122m===================[38;2;74;74;122m=[38;2;66;67;121m=[38;2;109;100;124m+[38;2;200;170;122m*[38;2;200;166;124m*[38;2;175;152;115m*[38;2;159;143;108m+[38;2;120;114;104m+[38;2;77;78;118m=[38;2;69;69;124m=[38;2;73;73;121m=[38;2;72;72;122m=[38;2;71;71;122m=[38;2;66;67;122m=[38;2;70;70;123m=[38;2;73;73;121m=[38;2;72;72;122m======================[38;2;73;73;121m=[38;2;69;69;124m=[38;2;83;88;112m=[38;2;162;153;95m*[38;2;164;141;100m+[38;2;154;130;96m+[38;2;160;133;107m+[38;2;152;128;112m+[38;2;149;121;112m+[38;2;166;126;113m+[38;2;207;159;119m*[38;2;227;189;134m*[38;2;235;185;131m*[38;2;221;167;124m*[38;2;178;149;112m*[38;2;157;151;103m*[38;2;134;135;85m+[38;2;89;95;98m=[38;2;71;69;125m=[38;2;73;73;121m=[38;2;72;72;122m====[38;2;73;73;121m=[38;2;72;72;122m=[38;2;71;69;125m=[38;2;72;72;122m=[0m
[38;2;72;72;122m=======================================[38;2;72;73;122m=[38;2;71;71;124m=[38;2;78;85;103m=[38;2;163;162;133m*[38;2;167;151;116m*[38;2;148;141;100m+[38;2;148;150;95m+[38;2;129;139;85m+[38;2;118;127;90m+[38;2;89;94;110m=[38;2;74;75;120m=[38;2;69;69;125m=[38;2;73;73;121m=[38;2;72;72;122m=======================[38;2;73;73;121m=[38;2;65;68;120m=[38;2;79;82;113m=[38;2;87;85;118m=[38;2;83;82;118m=[38;2;75;76;118m=[38;2;67;69;123m=[38;2;72;70;122m=[38;2;73;73;121m=[38;2;72;72;122m===[38;2;74;73;121m=[38;2;73;73;121m=[38;2;72;72;122m========================[38;2;72;72;123m=[38;2;70;71;120m=[38;2;83;91;107m=[38;2;84;86;115m=[38;2;75;77;115m=[38;2;70;72;119m=[38;2;66;69;122m=[38;2;64;68;122m=[38;2;63;68;122m=[38;2;74;79;115m=[38;2;80;91;106m=[38;2;120;124;99m+[38;2;142;142;95m+[38;2;132;137;97m+[38;2;111;121;86m+[38;2;87;90;101m=[38;2;69;69;124m=[38;2;73;73;121m=[38;2;72;72;122m====[38;2;70;70;122m=[38;2;69;67;124m=[38;2;75;82;111m=[38;2;78;90;104m=[38;2;73;74;120m=[0m
[38;2;72;72;122m=======================================[38;2;73;73;123m=[38;2;67;67;120m=[38;2;88;101;98m+[38;2;163;152;119m*[38;2;172;149;108m*[38;2;139;131;104m+[38;2;97;103;107m+[38;2;81;84;117m=[38;2;72;72;119m=[38;2;69;68;124m=[38;2;72;71;122m=[38;2;73;73;121m=[38;2;72;72;122m=========================[38;2;74;73;123m=[38;2;70;70;123m=[38;2;69;69;123m=[38;2;69;70;122m=[38;2;71;71;123m=[38;2;73;73;121m=[38;2;72;72;122m==============[38;2;71;71;122m==[38;2;72;72;122m================[38;2;73;72;123m=[38;2;70;68;124m=[38;2;69;69;123m=[38;2;71;71;123m=[38;2;72;72;122m=[38;2;73;73;121m=[38;2;74;73;121m==[38;2;71;71;123m=[38;2;70;68;125m=[38;2;68;71;121m=[38;2;71;75;118m=[38;2;74;84;101m=[38;2;76;83;104m=[38;2;69;69;125m=[38;2;73;73;121m=[38;2;72;72;122m====[38;2;71;72;122m=[38;2;78;79;122m=[38;2;88;90;114m=[38;2;82;93;105m=[38;2;82;94;102m=[38;2;73;74;120m=[0m
[38;2;72;72;122m=[38;2;72;73;122m=[38;2;72;72;122m=====================================[38;2;72;71;123m=[38;2;74;77;112m=[38;2;161;173;169m*[38;2;188;169;129m*[38;2;163;144;102m+[38;2;92;95;118m=[38;2;66;66;124m=[38;2;71;69;122m=[38;2;72;72;122m=[38;2;73;73;121m=[38;2;72;72;122m======[38;2;71;71;121m=[38;2;72;72;122m=====================[38;2;73;73;121m===[38;2;72;72;122m===============[38;2;71;71;122m=[38;2;75;75;123m=[38;2;74;74;122m=[38;2;71;71;122m=[38;2;72;72;122m================[38;2;73;73;121m==[38;2;72;72;122m======[38;2;73;73;121m==[38;2;72;71;123m=[38;2;73;73;120m=[38;2;74;75;119m=[38;2;72;72;122m======[38;2;71;72;119m=[38;2;96;101;111m+[38;2;94;97;114m+[38;2;72;73;122m=[38;2;71;68;125m=[38;2;72;72;122m=[0m
[38;2;72;72;122m======================================[38;2;73;73;121m=[38;2;71;69;121m=[38;2;80;85;123m=[38;2;170;180;178m*[38;2;172;164;119m*[38;2;113;121;108m+[38;2;69;72;121m=[38;2;73;73;121m=[38;2;80;81;117m=[38;2;77;78;119m=[38;2;71;71;122m=[38;2;72;72;122m======[38;2;75;76;124m=[38;2;73;73;123m=[38;2;72;72;122m======================================[38;2;71;71;121m=[38;2;76;76;124m=[38;2;75;75;123m=[38;2;72;72;122m====================================[38;2;73;73;121m=[38;2;69;69;123m==[38;2;72;71;122m=[38;2;72;73;122m=[38;2;72;72;122m=[0m
[38;2;72;72;122m=======================================[38;2;73;73;121m=[38;2;71;69;120m=[38;2;70;72;119m=[38;2;89;94;132m=[38;2;90;94;122m=[38;2;76;77;120m=[38;2;72;72;122m=[38;2;70;70;119m=[38;2;70;70;120m=[38;2;72;72;122m=======[38;2;76;77;125m=[38;2;73;74;122m=[38;2;72;72;122m==[38;2;75;75;124m=[38;2;72;72;122m===============[38;2;73;73;121m==[38;2;72;72;122m====[38;2;73;73;121m=[38;2;73;73;123m==[38;2;72;72;122m=[38;2;73;73;123m=[38;2;74;74;124m=[38;2;75;75;123m===[38;2;75;74;123m=[38;2;75;75;123m=====[38;2;73;73;123m=[38;2;73;73;121m=[38;2;73;73;123m=[38;2;73;73;121m=[38;2;74;74;122m=[38;2;75;75;123m======[38;2;73;73;123m=[38;2;74;74;124m==[38;2;74;75;123m=[38;2;75;75;123m=[38;2;74;74;124m===[38;2;75;75;123m=[38;2;75;75;124m==[38;2;74;74;124m=[38;2;74;74;122m=[38;2;75;75;123m=[38;2;74;74;124m=[38;2;74;74;122m=[38;2;75;75;123m==[38;2;75;75;124m=[38;2;75;75;123m=[38;2;74;74;124m==[38;2;74;74;122m=[38;2;73;73;123m==[38;2;72;72;122m===[38;2;73;73;121m==[38;2;72;72;122m===[0m
[38;2;72;72;122m================[38;2;73;73;121m=[38;2;73;73;123m===[38;2;74;74;122m===[38;2;73;73;123m======[38;2;73;73;121m=[38;2;74;74;124m=[38;2;75;75;123m=====[38;2;75;74;123m=[38;2;74;74;122m==[38;2;74;74;124m=[38;2;74;74;122m=[38;2;70;70;120m=[38;2;65;64;117m=[38;2;65;65;119m=[38;2;63;63;115m=[38;2;73;71;121m=[38;2;88;88;131m=[38;2;89;89;132m=[38;2;75;75;123m=[38;2;72;72;122m===[38;2;73;73;123m=[38;2;72;72;122m==[38;2;71;71;121m=[38;2;72;72;122m===[38;2;74;74;124m=[38;2;73;73;123m==[38;2;74;74;124m=[38;2;75;75;123m===[38;2;74;74;122m=[38;2;73;73;123m==[38;2;71;71;121m=[38;2;71;71;122m=[38;2;72;72;122m==[38;2;71;71;121m=[38;2;72;72;122m=[38;2;71;71;121m==[38;2;72;72;122m==[38;2;73;73;123m=[38;2;72;72;122m=[38;2;70;70;121m=[38;2;69;69;119m=[38;2;68;68;118m=[38;2;71;71;121m=[38;2;70;70;119m=[38;2;64;63;115m=[38;2;63;63;113m===[38;2;63;63;114m==[38;2;63;63;111m=[38;2;63;63;114m=[38;2;63;63;113m=[38;2;63;63;114m=[38;2;64;64;117m=[38;2;68;68;120m=[38;2;69;69;121m=[38;2;70;70;120m=[38;2;66;66;119m=[38;2;63;63;115m=[38;2;63;63;114m=[38;2;63;63;115m==[38;2;63;63;114m=[38;2;63;63;113m=[38;2;68;68;117m=[38;2;63;63;114m=[38;2;64;63;114m=[38;2;63;63;113m==[38;2;64;63;115m=[38;2;66;65;116m=[38;2;65;64;115m=[38;2;63;63;113m=[38;2;63;63;111m=[38;2;63;63;110m=[38;2;63;63;115m=[38;2;63;64;117m=[38;2;63;63;113m=[38;2;63;63;115m=[38;2;63;63;116m=[38;2;63;63;115m=[38;2;63;63;111m=[38;2;63;63;110m==[38;2;63;63;115m==[38;2;66;66;117m=[38;2;68;68;118m=[38;2;69;69;119m=[38;2;72;71;122m=[38;2;73;73;123m=[38;2;72;72;122m======[0m
[38;2;74;74;124m==========[38;2;74;75;123m=[38;2;74;74;124m=[38;2;73;73;123m=[38;2;72;72;122m=[38;2;71;71;121m==[38;2;70;70;121m=[38;2;70;70;120m=[38;2;68;68;120m=[38;2;68;68;118m=[38;2;65;65;117m=[38;2;64;65;117m=[38;2;66;66;118m==[38;2;67;67;117m=[38;2;68;67;117m=[38;2;69;69;119m=[38;2;70;70;119m==[38;2;70;70;120m=[38;2;64;64;116m=[38;2;63;63;114m=[38;2;63;63;113m==[38;2;63;63;114m=[38;2;63;63;113m=[38;2;63;63;114m=[38;2;65;65;117m=[38;2;65;65;118m=[38;2;63;63;115m=[38;2;65;66;118m=[38;2;80;82;127m=[38;2;89;89;133m=[38;2;98;98;138m+[38;2;164;161;182m*[38;2;206;206;209m#[38;2;159;159;174m*[38;2;80;80;125m=[38;2;74;75;123m=[38;2;73;73;123m=[38;2;73;74;122m=[38;2;73;73;123m=[38;2;74;74;122m=======[38;2;73;73;123m=[38;2;69;69;119m=[38;2;66;67;119m=[38;2;63;63;115m=[38;2;63;63;113m==[38;2;63;63;114m=[38;2;64;64;117m=[38;2;67;67;117m=[38;2;69;69;119m=[38;2;75;75;123m=[38;2;75;74;122m=[38;2;72;72;121m=[38;2;72;72;122m=[38;2;74;74;124m=[38;2;70;71;121m=[38;2;74;76;124m=[38;2;75;76;124m=[38;2;72;72;121m=[38;2;69;71;120m=[38;2;69;69;119m=[38;2;70;70;120m=[38;2;80;80;125m=[38;2;88;88;131m=[38;2;92;93;135m=[38;2;76;76;123m=[38;2;83;85;131m=[38;2;112;115;154m+[38;2;131;131;164m+[38;2;146;144;167m+[38;2;153;153;167m*[38;2;196;193;200m#[38;2;206;199;207m#[38;2;164;158;177m*[38;2;142;138;165m+[38;2;140;137;164m+[38;2;132;131;160m+[38;2;116;116;148m+[38;2;93;93;132m=[38;2;83;81;125m=[38;2;82;82;127m=[38;2;100;98;137m+[38;2;138;134;159m+[38;2;166;162;179m*[38;2;181;175;185m*[38;2;172;169;181m*[38;2;161;160;179m*[38;2;164;164;185m*[38;2;197;200;211m#[38;2;178;184;199m*[38;2;164;178;203m*[38;2;162;180;212m*[38;2;155;165;193m*[38;2;129;139;170m+[38;2;151;163;187m*[38;2;149;164;194m*[38;2;139;149;183m*[38;2;145;152;185m*[38;2;151;162;191m*[38;2;197;203;220m#[38;2;219;220;230m#[38;2;192;194;209m#[38;2;186;187;204m*[38;2;175;177;193m*[38;2;165;164;180m*[38;2;169;164;180m*[38;2;163;162;184m*[38;2;150;150;177m*[38;2;116;116;153m+[38;2;114;114;153m+[38;2;101;103;142m+[38;2;93;93;136m=[38;2;84;84;130m=[38;2;73;73;123m=[38;2;70;70;120m=[38;2;74;74;122m=[38;2;74;73;123m=[38;2;75;75;123m===[38;2;74;74;124m=[0m
[38;2;63;63;115m==========[38;2;63;63;114m=[38;2;63;63;116m=[38;2;67;67;119m=[38;2;71;71;122m=[38;2;74;74;124m=[38;2;76;76;124m=[38;2;80;79;126m=[38;2;84;83;129m=[38;2;91;90;133m=[38;2;91;91;134m=[38;2;107;105;144m+[38;2;108;107;146m+[38;2;102;101;141m+[38;2;100;100;140m+[38;2;95;96;138m+[38;2;93;94;138m+[38;2;87;88;134m=[38;2;83;83;130m=[38;2;83;83;132m=[38;2;80;82;129m=[38;2;138;140;168m+[38;2;165;164;185m*[38;2;165;162;182m*[38;2;141;139;167m+[38;2;138;137;164m+[38;2;143;141;168m+[38;2;131;127;159m+[38;2;107;105;142m+[38;2;108;107;142m+[38;2;132;129;158m+[38;2;140;138;163m+[38;2;192;188;194m*[38;2;233;227;220m#[38;2;224;218;215m#[38;2;255;252;235m%[38;2;245;239;227m%[38;2;154;153;172m*[38;2;65;65;118m=[38;2;72;70;121m=[38;2;68;67;119m==[38;2;69;68;119m=[38;2;64;64;117m=[38;2;65;64;117m=[38;2;66;65;118m=[38;2;66;66;118m=[38;2;66;65;118m=[38;2;65;64;117m=[38;2;67;66;118m=[38;2;68;68;118m=[38;2;88;87;130m=[38;2;99;97;136m+[38;2;132;126;153m+[38;2;149;144;167m+[38;2;154;150;171m*[38;2;176;175;188m*[38;2;208;202;206m#[38;2;218;211;212m#[38;2;218;207;203m#[38;2;221;213;209m#[38;2;221;214;213m#[38;2;216;213;214m#[38;2;217;212;211m#[38;2;218;213;212m#[38;2;203;203;208m#[38;2;212;213;217m#[38;2;225;220;218m#[38;2;214;206;201m#[38;2;197;193;191m#[38;2;192;182;181m*[38;2;202;190;184m*[38;2;223;213;202m#[38;2;225;219;210m#[38;2;214;214;210m#[38;2;200;209;218m#[38;2;225;234;243m#[38;2;245;254;255m%[38;2;255;255;253m%[38;2;255;255;250m%[38;2;255;255;242m%[38;2;255;255;234m%[38;2;255;250;226m%[38;2;255;244;223m%[38;2;239;229;211m#[38;2;226;219;205m#[38;2;190;189;182m*[38;2;164;166;163m*[38;2;185;189;189m*[38;2;206;208;209m#[38;2;219;217;216m#[38;2;250;242;226m%[38;2;255;255;240m%[38;2;255;255;242m%[38;2;255;255;237m%[38;2;255;249;234m%[38;2;248;242;230m%[38;2;241;237;225m%[38;2;234;231;223m#[38;2;232;234;231m#[38;2;232;241;243m%[38;2;243;250;250m%[38;2;240;246;246m%[38;2;229;235;234m#[38;2;245;247;243m%[38;2;255;255;251m%[38;2;255;255;255m%@@[38;2;255;255;251m%[38;2;255;255;243m%[38;2;255;248;229m%[38;2;240;233;216m#[38;2;238;231;217m#[38;2;251;245;232m%[38;2;255;255;249m%[38;2;255;255;255m%[38;2;255;255;251m%[38;2;246;247;242m%[38;2;247;246;241m%[38;2;242;240;234m%[38;2;242;238;230m%[38;2;247;240;233m%[38;2;211;208;213m#[38;2;162;158;171m*[38;2;152;146;168m*[38;2;112;110;145m+[38;2;64;64;116m=[38;2;63;63;113m=[38;2;63;63;115m==[0m
[38;2;127;126;157m+[38;2;126;125;156m+[38;2;122;122;154m+[38;2;118;119;154m+[38;2;116;117;152m++[38;2;123;124;156m+[38;2;127;127;157m+[38;2;141;141;167m+[38;2;147;148;171m*[38;2;143;144;169m+[38;2;158;160;179m*[38;2;189;188;197m*[38;2;207;205;213m#[38;2;210;209;215m#[38;2;203;203;208m#[38;2;207;208;213m#[38;2;215;214;215m#[38;2;227;226;223m#[38;2;221;222;221m#[38;2;222;223;222m#[38;2;221;225;224m#[38;2;217;220;217m#[38;2;213;214;210m#[38;2;217;216;212m#[38;2;226;222;215m#[38;2;224;216;208m#[38;2;222;215;207m#[38;2;217;211;205m#[38;2;202;196;193m#[38;2;213;209;201m#[38;2;236;231;217m#[38;2;245;238;221m%[38;2;239;233;217m#[38;2;238;229;212m#[38;2;244;233;216m#[38;2;235;227;218m#[38;2;216;214;209m#[38;2;208;208;202m#[38;2;218;220;214m#[38;2;210;211;208m#[38;2;199;200;197m#[38;2;197;198;196m#[38;2;196;198;194m#[38;2;194;194;190m#[38;2;188;190;188m*[38;2;176;179;183m*[38;2;152;157;169m*[38;2;132;140;158m+[38;2;113;123;148m+[38;2;105;114;144m+[38;2;97;104;138m+[38;2;115;116;149m+[38;2;112;116;149m+[38;2;112;116;147m+[38;2;107;110;144m+[38;2;108;111;144m+[38;2;123;128;154m+[38;2;124;133;159m+[38;2;143;152;171m*[38;2;186;192;198m*[38;2;200;204;203m#[38;2;207;209;206m#[38;2;215;221;217m#[38;2;223;227;222m#[38;2;236;234;226m#[38;2;236;234;224m#[38;2;246;241;228m%[38;2;255;246;228m%[38;2;251;240;223m%[38;2;253;245;231m%[38;2;250;241;225m%[38;2;250;241;228m%[38;2;249;244;232m%[38;2;246;240;228m%[38;2;247;239;227m%[38;2;253;246;235m%[38;2;253;247;235m%[38;2;255;249;236m%[38;2;255;249;231m%[38;2;255;246;226m%[38;2;255;243;226m%[38;2;250;236;221m%[38;2;239;229;215m#[38;2;234;227;215m#[38;2;232;228;217m#[38;2;226;221;213m#[38;2;223;219;211m#[38;2;219;216;208m#[38;2;226;220;210m#[38;2;223;217;209m#[38;2;215;210;203m#[38;2;213;208;200m#[38;2;215;209;198m#[38;2;211;205;196m#[38;2;203;199;191m#[38;2;205;203;197m#[38;2;211;210;203m#[38;2;214;212;204m#[38;2;211;211;205m#[38;2;219;216;208m#[38;2;221;217;208m#[38;2;218;212;202m#[38;2;218;211;200m#[38;2;217;211;200m#[38;2;211;207;199m#[38;2;210;204;195m#[38;2;212;205;195m#[38;2;212;206;196m#[38;2;218;211;199m#[38;2;224;215;201m#[38;2;232;223;209m#[38;2;252;237;221m%[38;2;255;245;229m%[38;2;255;250;233m%[38;2;255;246;231m%[38;2;248;236;222m%[38;2;241;228;212m#[38;2;233;222;208m#[38;2;221;215;205m#[38;2;217;211;203m#[38;2;216;211;203m#[38;2;222;217;210m#[38;2;222;218;212m#[38;2;219;217;211m#[38;2;219;216;208m#[38;2;222;217;210m#[38;2;228;225;219m#[38;2;224;220;214m#[38;2;221;217;211m#[38;2;215;214;210m#[38;2;217;214;210m#[38;2;205;205;207m#[38;2;161;160;175m*[38;2;139;137;164m+[38;2;156;155;174m*[38;2;150;149;170m*[38;2;149;148;171m*[38;2;139;138;163m+[38;2;127;127;158m+[0m
[38;2;195;206;214m#[38;2;186;200;211m#[38;2;191;205;215m#[38;2;197;210;218m#[38;2;196;211;220m#[38;2;197;212;220m#[38;2;199;213;221m#[38;2;190;207;217m#[38;2;185;201;212m#[38;2;183;200;208m#[38;2;180;195;205m*[38;2;178;192;199m*[38;2;176;187;193m*[38;2;173;184;189m*[38;2;176;186;190m**[38;2;175;187;192m*[38;2;179;191;197m*[38;2;178;192;201m*[38;2;179;194;205m*[38;2;184;197;209m#[38;2;189;203;214m#[38;2;198;210;218m#[38;2;202;210;213m#[38;2;202;208;209m#[38;2;206;210;208m#[38;2;209;211;208m#[38;2;208;209;207m#[38;2;203;206;201m#[38;2;208;208;202m#[38;2;213;209;202m#[38;2;216;211;203m#[38;2;211;207;200m#[38;2;215;210;202m#[38;2;217;212;203m#[38;2;210;207;201m#[38;2;199;200;198m#[38;2;187;189;191m*[38;2;174;180;184m*[38;2;172;180;185m*[38;2;172;181;187m*[38;2;162;174;181m*[38;2;156;170;178m*[38;2;162;176;186m*[38;2;159;174;185m*[38;2;146;164;178m*[38;2;154;171;183m*[38;2;157;174;185m*[38;2;159;174;185m*[38;2;177;191;196m*[38;2;191;201;204m#[38;2;189;200;202m#[38;2;194;203;205m#[38;2;179;191;200m*[38;2;166;182;191m*[38;2;176;189;195m*[38;2;184;193;198m*[38;2;187;198;200m#[38;2;185;195;199m#[38;2;189;196;198m#[38;2;190;196;198m#[38;2;192;197;197m#[38;2;182;188;190m*[38;2;186;188;188m*[38;2;199;199;195m#[38;2;208;206;200m#[38;2;211;210;204m#[38;2;217;213;204m#[38;2;219;213;202m#[38;2;208;205;196m#[38;2;201;201;198m#[38;2;201;201;199m#[38;2;199;199;197m#[38;2;195;199;197m#[38;2;192;195;194m#[38;2;191;193;192m*[38;2;190;194;193m*[38;2;192;196;195m#[38;2;194;196;194m#[38;2;194;196;193m#[38;2;197;197;193m#[38;2;202;199;192m#[38;2;207;201;190m#[38;2;211;203;189m#[38;2;212;201;185m#[38;2;209;198;181m#[38;2;210;199;182m#[38;2;210;199;183m#[38;2;210;200;183m#[38;2;209;199;183m#[38;2;208;201;186m#[38;2;209;202;190m#[38;2;206;201;191m#[38;2;205;201;193m#[38;2;206;202;194m#[38;2;207;204;194m#[38;2;208;203;193m#[38;2;207;202;193m#[38;2;206;202;194m#[38;2;204;202;194m#[38;2;206;202;195m#[38;2;205;203;196m#[38;2;205;203;197m#[38;2;207;206;200m#[38;2;208;207;201m#[38;2;209;207;203m#[38;2;212;209;204m#[38;2;215;211;205m#[38;2;217;212;203m#[38;2;218;213;203m#[38;2;216;211;201m#[38;2;211;207;200m#[38;2;209;208;200m#[38;2;205;205;200m#[38;2;200;201;198m#[38;2;201;202;200m#[38;2;205;206;202m#[38;2;212;211;206m#[38;2;214;214;210m#[38;2;208;208;205m#[38;2;212;211;208m#[38;2;213;213;211m#[38;2;215;214;210m#[38;2;216;214;208m#[38;2;217;215;209m#[38;2;219;217;209m##[38;2;218;216;210m#[38;2;210;210;205m#[38;2;204;205;201m#[38;2;195;197;198m#[38;2;181;182;191m*[38;2;178;180;192m*[38;2;184;191;200m*[38;2;187;193;203m*[38;2;187;194;204m*[38;2;196;204;211m#[38;2;203;211;216m#[38;2;200;210;213m#[38;2;197;209;215m#[0m
[38;2;218;217;215m#[38;2;213;211;211m#[38;2;226;222;220m#[38;2;231;227;220m#[38;2;225;223;219m#[38;2;218;217;217m#[38;2;220;218;218m#[38;2;217;218;221m#[38;2;211;212;216m#[38;2;215;214;217m#[38;2;202;206;212m#[38;2;206;209;214m#[38;2;206;208;212m#[38;2;214;216;219m#[38;2;227;227;225m#[38;2;222;223;222m#[38;2;221;221;220m#[38;2;222;222;220m#[38;2;223;223;222m##[38;2;224;223;222m#[38;2;226;226;225m#[38;2;230;229;224m#[38;2;227;225;220m#[38;2;220;220;216m#[38;2;220;218;214m#[38;2;221;218;214m#[38;2;225;223;217m#[38;2;229;227;221m#[38;2;235;231;224m#[38;2;238;234;228m#[38;2;241;238;230m%%[38;2;243;239;232m%[38;2;237;235;229m#[38;2;231;229;226m#[38;2;224;225;221m#[38;2;219;220;218m#[38;2;222;223;221m#[38;2;223;224;222m#[38;2;218;221;221m#[38;2;217;221;221m#[38;2;209;216;220m#[38;2;213;219;221m#[38;2;216;220;223m#[38;2;215;218;219m#[38;2;217;219;219m#[38;2;216;219;217m#[38;2;218;219;218m#[38;2;229;228;223m#[38;2;234;231;225m#[38;2;235;233;227m#[38;2;233;230;224m#[38;2;237;235;228m#[38;2;238;236;230m##[38;2;238;236;231m#[38;2;239;236;230m#[38;2;239;236;227m#[38;2;239;234;225m#[38;2;235;231;223m#[38;2;240;235;228m#[38;2;244;237;228m%[38;2;241;237;227m%[38;2;238;235;228m#[38;2;233;229;223m#[38;2;235;232;226m#[38;2;236;232;226m#[38;2;230;228;223m#[38;2;230;228;225m#[38;2;227;226;221m#[38;2;227;225;219m#[38;2;227;225;218m#[38;2;226;224;215m#[38;2;227;223;216m#[38;2;225;221;214m#[38;2;224;220;213m#[38;2;224;220;212m#[38;2;224;219;211m#[38;2;223;218;209m#[38;2;222;217;208m#[38;2;224;218;209m#[38;2;225;220;211m###[38;2;227;221;210m#[38;2;229;223;212m#[38;2;227;222;211m#[38;2;226;221;211m#[38;2;225;220;211m#[38;2;223;219;211m#[38;2;223;219;212m#[38;2;220;218;212m#[38;2;220;218;214m#[38;2;222;221;216m#[38;2;224;222;216m#[38;2;225;224;218m#[38;2;226;225;219m#[38;2;227;226;221m#[38;2;229;227;222m#[38;2;229;227;221m#[38;2;229;228;222m#[38;2;230;228;222m#[38;2;230;227;221m#[38;2;229;226;220m#[38;2;228;225;218m##[38;2;228;225;216m#[38;2;227;224;217m#[38;2;227;223;215m#[38;2;226;222;214m#[38;2;227;222;215m#[38;2;226;222;214m#[38;2;225;221;214m#[38;2;223;220;213m#[38;2;224;221;214m#[38;2;227;223;216m#[38;2;225;223;216m#[38;2;225;222;215m#[38;2;225;223;216m#[38;2;226;224;217m##[38;2;227;224;218m#[38;2;232;227;219m#[38;2;235;230;221m#[38;2;237;231;221m#[38;2;239;233;222m##[38;2;241;234;223m#[38;2;241;235;224m#[38;2;241;234;224m#[38;2;241;235;224m#[38;2;239;232;222m#[38;2;227;222;217m#[38;2;215;212;211m#[38;2;208;206;208m#[38;2;214;213;213m#[38;2;221;218;216m##[38;2;221;219;217m#[0m
